70 3000
278 229
174 246
118 108
71 233
116 103
8 472
285 359
80 245
411 129
498 157
237 101
404 303
113 163
198 139
320 124
222 213
258 181
279 274
138 145
69 168
496 481
21 243
231 464
14 352
489 381
167 202
259 290
285 269
455 191
30 150
137 206
310 491
470 189
184 476
13 487
129 159
333 206
404 189
66 306
368 393
374 253
492 249
129 453
496 457
326 342
304 298
191 396
2 418
299 277
329 286
204 398
19 438
260 381
128 133
198 101
374 286
263 419
475 194
87 351
349 304
474 248
311 364
29 434
344 482
139 332
297 347
232 116
497 358
106 451
20 461
