100 50000
4337 1948
4513 4642
1548 4417
125 3549
2770 2645
1038 1862
3826 2441
3182 1738
2720 1827
1073 3917
258 3307
4439 1683
3519 2885
985 1806
3639 2735
2181 1793
4153 2396
344 1596
1168 1809
3530 3345
95 2141
3954 2346
3325 2324
4125 3803
1062 1796
1185 1876
4108 4481
3923 1634
1561 2082
1100 2085
1051 4172
3709 4340
3493 1643
831 3559
4547 4708
763 2723
2475 4205
1695 3982
232 2880
4451 2918
1893 3037
1202 2195
1519 3816
3935 4500
1848 4277
250 1670
3908 3794
2741 3685
197 4094
4202 3309
490 3586
2977 4353
903 3880
4931 1652
3501 3731
1456 2182
1128 1949
2700 2772
868 2498
986 3004
4565 2923
721 3144
1871 3633
4074 2540
4056 3833
1142 4087
3590 4881
1039 4506
236 3006
1783 2141
4598 2052
1935 2967
627 3170
386 4038
1273 3870
3432 3807
2184 2799
2494 3873
1357 2966
4443 1825
3266 2062
1048 2794
1775 2220
4328 2719
2046 2084
3029 2980
3976 1633
1847 3638
716 4796
3080 2489
3809 3972
1879 3759
1058 3232
3756 4485
2748 2734
1808 2075
4435 2835
4989 2487
4876 4163
1173 3059
