80 10000
348 973
463 965
192 769
21 718
376 813
95 563
177 713
140 560
195 963
195 858
258 729
494 529
418 865
445 678
154 519
129 584
157 875
156 573
146 626
193 696
137 834
78 849
93 914
169 690
299 905
86 792
225 666
205 830
157 755
166 667
370 851
464 620
228 712
387 998
332 853
270 963
235 939
335 803
495 625
480 941
453 543
232 607
213 535
323 767
458 991
462 851
114 541
98 671
466 525
468 572
83 856
54 872
7 570
375 838
140 701
345 690
326 689
388 834
344 710
290 923
288 762
472 832
33 957
405 809
51 861
422 643
98 683
104 715
218 539
344 851
294 881
107 638
414 617
440 994
50 795
80 902
316 959
215 865
285 687
140 632
