1000 2400
498 286
914 528
683 207
779 369
330 302
389 48
73 342
972 401
351 467
717 71
906 248
549 924
547 4
766 844
435 420
393 58
354 765
371 445
709 252
925 467
240 345
739 666
680 54
785 895
843 512
915 700
876 391
584 522
667 943
309 655
628 723
714 117
352 281
293 865
870 373
220 19
850 26
496 788
735 924
50 571
294 138
275 130
256 478
50 259
340 173
322 702
175 495
492 75
228 507
901 200
756 814
849 281
489 62
812 210
476 469
176 774
859 944
853 446
540 579
376 659
986 578
339 764
647 898
296 66
731 169
470 634
313 680
883 784
21 474
772 429
765 861
395 700
272 885
590 523
385 545
688 60
372 823
653 204
730 806
550 532
220 453
694 399
105 808
110 92
841 700
136 211
700 228
304 712
52 585
841 266
298 1
405 871
693 873
920 879
530 366
611 870
427 29
606 28
707 237
706 964
92 491
191 138
207 881
769 307
624 255
21 683
426 902
960 703
538 770
558 598
291 551
357 179
974 147
506 505
338 337
863 366
305 681
990 745
350 956
173 687
305 684
812 235
557 531
802 371
882 635
754 123
399 164
175 263
373 635
957 267
857 804
787 461
404 177
352 522
336 421
414 758
304 238
161 837
119 498
395 893
94 667
458 169
380 836
974 628
28 897
789 207
762 663
702 622
701 969
859 910
511 70
907 126
719 862
281 856
182 743
221 490
933 142
387 404
901 23
174 483
232 919
98 667
192 267
845 418
900 122
861 304
361 524
580 102
539 78
651 113
456 532
776 587
548 414
23 449
770 14
713 741
170 261
245 446
928 296
469 628
97 779
474 52
516 236
880 702
644 988
13 882
290 461
569 810
479 918
614 881
935 922
44 17
916 65
857 793
390 761
845 229
776 163
579 454
744 483
766 641
805 270
379 890
677 452
130 991
657 164
175 225
484 691
136 631
437 47
826 412
641 997
258 404
814 574
821 766
953 372
715 340
682 183
23 316
248 757
1 162
402 740
483 963
646 90
472 603
589 504
311 460
381 672
8 537
476 390
612 195
193 838
720 923
827 560
486 794
275 955
740 561
426 316
83 529
793 720
54 659
119 311
735 546
954 777
411 217
420 68
131 902
654 644
288 216
682 816
574 410
671 954
921 626
833 636
287 310
433 7
395 227
664 920
787 734
343 635
799 235
693 142
320 999
668 382
442 748
580 942
360 704
135 2
114 523
170 646
220 207
528 439
753 362
423 539
172 896
520 586
734 224
889 554
706 470
722 753
745 508
182 669
426 627
986 534
154 880
574 831
944 402
999 128
804 245
863 930
705 538
937 468
373 7
311 586
381 157
181 167
291 661
643 749
95 271
227 687
106 111
538 505
870 832
127 756
593 330
848 866
429 280
827 258
827 69
444 517
390 628
223 128
612 844
629 597
99 467
997 1000
139 685
75 255
720 791
922 661
365 614
146 514
709 825
443 929
790 455
435 478
435 213
223 305
988 700
651 575
521 958
812 706
769 219
642 950
279 303
197 110
785 446
231 318
18 632
930 45
452 702
918 764
714 798
877 938
646 940
417 255
245 772
29 281
974 795
246 956
181 602
371 601
593 951
376 360
146 683
825 249
605 818
955 233
737 343
240 1
2 521
83 368
4 737
459 467
185 205
655 157
498 59
437 320
38 648
267 967
875 60
431 327
565 191
178 336
71 887
244 205
93 976
346 980
27 223
538 278
39 501
512 608
994 750
208 956
227 483
361 556
378 923
815 18
787 38
738 230
173 46
84 714
599 167
921 358
933 677
468 678
310 565
971 64
321 332
765 650
910 732
131 747
219 507
812 13
868 402
296 770
393 15
225 147
837 281
539 973
728 627
214 586
916 104
705 986
24 38
453 995
475 997
65 361
350 131
22 958
545 156
33 519
969 567
394 574
769 836
946 500
813 678
509 873
915 655
901 534
537 679
884 40
954 210
666 426
118 186
808 449
696 1
645 740
31 52
587 518
994 677
903 815
978 513
851 364
504 583
262 576
185 647
934 284
17 629
455 168
256 147
303 40
340 466
341 401
600 401
61 956
754 977
187 999
403 893
504 836
23 80
6 679
183 909
745 681
975 841
965 22
892 561
402 233
635 906
849 171
586 119
343 320
929 237
592 337
659 656
496 20
951 167
869 116
639 12
726 638
780 763
748 621
541 59
768 486
881 508
410 424
791 293
223 491
44 287
926 314
709 721
623 601
907 693
99 861
548 79
551 13
26 637
370 804
110 347
827 210
518 284
782 237
908 585
758 806
260 285
12 620
903 83
445 215
652 335
462 593
799 813
158 121
945 36
412 613
897 208
774 768
128 75
238 390
519 238
270 54
382 716
691 148
987 815
287 452
88 599
240 693
170 496
753 727
411 859
473 291
591 505
567 477
432 551
568 364
98 71
347 479
852 394
819 995
93 70
243 857
257 817
229 245
329 985
807 51
939 333
166 287
271 180
930 607
292 209
76 347
9 482
842 775
757 461
265 459
745 76
168 924
340 153
742 37
837 718
55 764
684 16
119 251
406 252
355 381
711 375
581 226
507 447
875 92
822 387
917 43
859 143
686 105
661 594
606 559
142 710
499 991
441 791
976 38
856 817
95 975
832 202
421 595
736 520
829 32
413 970
676 452
739 656
186 801
684 959
165 4
587 553
407 312
648 871
399 703
873 50
174 518
939 673
446 749
734 833
356 648
536 337
462 595
83 79
821 369
14 893
279 271
401 419
312 758
380 795
61 508
97 205
377 94
458 596
23 685
427 96
370 451
838 942
206 584
977 955
512 117
394 871
322 959
707 58
13 814
357 432
656 915
561 613
258 736
953 611
36 106
631 598
54 401
609 568
859 733
898 905
944 308
712 195
184 370
518 797
574 417
935 980
889 592
687 684
134 435
130 183
881 416
56 206
855 912
776 325
384 560
715 626
567 156
992 995
273 512
737 541
324 959
114 963
483 407
290 906
90 131
837 606
475 723
299 364
486 852
909 652
763 787
685 895
599 830
402 229
509 93
158 775
860 284
534 233
177 432
572 844
975 720
59 4
245 837
850 95
924 541
217 317
991 337
459 569
22 452
250 684
331 526
465 560
43 688
475 972
723 945
129 142
404 50
925 326
137 274
87 1000
414 754
551 414
80 338
77 578
584 96
983 975
690 927
232 536
999 923
856 689
892 423
946 522
758 921
704 352
612 250
283 258
466 718
402 366
57 121
968 935
798 790
190 544
56 114
927 921
121 191
241 221
469 550
398 785
183 89
803 688
646 685
597 627
854 112
902 926
964 218
954 729
943 514
601 662
413 609
905 513
68 150
830 734
254 208
252 808
591 260
774 769
732 202
82 441
620 69
823 172
862 367
247 127
65 203
86 428
261 637
413 684
762 909
467 721
63 488
666 548
660 95
306 858
877 129
679 614
71 177
578 511
822 507
449 375
973 744
654 769
615 127
589 388
393 31
635 4
729 681
186 40
834 208
231 47
605 495
221 637
778 474
220 681
936 782
553 796
245 977
459 441
7 708
461 155
416 532
457 732
98 281
752 397
320 165
519 254
954 33
433 581
578 452
445 744
308 537
944 792
220 694
790 27
483 717
947 94
552 882
698 384
35 985
691 808
93 486
283 228
478 178
928 93
577 59
585 92
60 321
394 842
8 644
82 938
605 190
858 892
786 1
764 766
418 694
725 544
894 645
777 543
249 70
211 400
142 692
619 446
328 888
70 506
480 525
906 414
452 868
892 814
372 266
700 11
140 513
963 951
228 67
392 603
852 551
677 304
908 203
160 854
265 192
526 418
275 989
977 523
618 195
642 702
825 506
192 581
114 748
905 453
367 132
664 641
388 166
612 189
776 897
466 692
37 392
709 294
798 644
150 161
210 316
588 979
930 1
568 269
263 910
444 556
348 172
267 715
475 164
193 14
911 533
435 665
830 850
956 925
218 47
418 51
855 84
103 644
734 487
795 191
529 711
862 839
972 473
16 715
245 496
487 319
744 322
603 804
841 130
993 182
471 711
918 745
693 50
448 274
553 151
481 795
870 68
831 963
809 273
867 356
346 816
453 219
974 928
151 472
285 1000
940 13
257 102
926 625
380 470
777 25
966 635
876 855
257 101
414 665
193 764
917 183
942 483
938 410
563 469
897 356
393 432
305 446
44 636
859 898
87 305
134 630
818 32
869 474
679 132
66 761
222 91
403 568
714 557
682 164
739 516
300 475
411 600
987 585
63 687
274 601
503 216
453 402
222 890
989 84
140 686
631 145
762 353
703 711
856 803
314 333
996 92
462 172
601 880
275 613
313 578
869 599
830 570
560 230
553 209
409 442
658 494
344 789
444 599
335 642
78 688
355 344
93 674
123 121
239 854
851 792
557 587
484 584
786 434
170 583
455 443
939 638
270 487
832 744
664 835
958 217
608 381
216 206
57 192
666 323
618 305
786 460
324 945
97 77
607 581
889 507
835 498
31 86
26 799
111 136
583 18
373 121
188 757
199 504
178 30
112 108
48 220
541 35
909 836
829 427
41 486
214 626
867 734
777 529
991 770
587 173
131 58
518 868
75 392
495 401
13 24
124 134
851 788
969 12
373 397
940 811
355 327
533 143
991 964
912 40
249 940
59 140
999 819
476 797
42 565
188 639
383 463
6 386
368 403
313 965
542 719
831 234
124 839
911 454
809 17
896 54
715 399
647 117
468 80
379 260
251 538
376 89
703 177
955 660
207 546
7 844
45 531
260 44
157 71
598 923
483 190
45 61
133 391
299 724
855 712
889 162
548 995
347 99
799 151
981 359
674 484
125 769
263 362
961 792
689 778
288 543
589 614
826 109
285 634
945 361
142 520
894 660
835 486
913 142
519 277
834 502
131 588
20 443
310 217
760 220
672 474
483 939
421 673
383 554
528 726
342 705
970 157
229 846
756 66
960 318
730 853
916 294
381 744
579 770
147 413
500 21
946 252
950 191
918 79
876 952
616 343
10 385
125 106
245 517
847 366
637 184
938 506
645 145
622 915
458 606
881 97
541 591
243 783
723 829
656 873
480 64
689 236
236 984
530 676
809 169
536 598
361 747
291 190
453 665
441 145
76 758
756 243
756 32
184 318
100 839
852 423
387 853
278 238
73 37
252 4
305 6
139 549
814 469
577 187
792 670
814 554
619 989
158 653
538 146
282 682
645 658
366 427
804 485
308 259
340 32
496 58
631 930
864 585
941 265
224 109
124 178
110 339
37 15
612 956
792 440
940 283
189 177
695 908
953 329
91 285
620 412
609 632
200 551
810 653
957 500
301 894
930 408
87 779
47 504
786 612
939 122
452 104
827 741
979 220
72 959
331 383
262 571
78 348
941 179
965 273
339 997
518 809
707 787
895 228
131 77
488 906
918 105
3 707
921 146
999 44
416 150
123 697
382 858
530 656
301 828
211 549
831 30
227 450
966 941
73 118
538 309
664 955
181 5
667 231
96 644
175 388
253 880
952 449
860 573
735 836
240 215
316 158
444 324
417 739
234 700
553 962
281 727
405 699
696 141
410 395
246 937
568 591
868 333
694 938
344 971
600 994
235 761
943 357
452 61
721 928
54 99
655 348
139 813
939 910
949 534
89 495
529 181
882 317
563 893
616 543
244 259
177 65
277 588
642 983
397 873
410 597
984 373
92 943
657 1000
637 188
938 909
450 406
368 988
457 561
654 148
374 722
738 598
655 812
874 525
856 448
84 847
399 652
599 963
964 494
145 675
9 959
180 695
132 579
453 420
278 643
472 890
16 7
770 101
365 826
50 99
918 744
586 521
240 330
488 512
767 823
679 179
706 478
706 22
662 47
738 992
969 214
365 113
981 12
49 835
778 527
343 544
51 441
241 890
128 194
257 865
382 833
102 805
521 829
62 726
458 417
445 674
794 251
696 14
97 427
48 821
508 163
808 796
370 687
652 397
897 137
527 72
86 503
20 799
385 923
310 343
832 876
59 888
657 61
845 996
585 22
9 30
306 807
15 495
879 207
688 943
23 378
934 385
541 891
806 362
371 501
29 114
981 189
332 510
106 277
204 661
53 644
936 390
66 365
51 981
474 306
484 879
622 466
130 259
805 134
599 645
695 129
313 983
999 700
282 867
326 862
185 816
505 217
602 779
822 569
516 300
940 866
440 10
451 278
783 354
323 445
303 754
709 203
769 596
864 330
192 743
145 107
213 472
330 746
543 30
750 977
527 202
955 347
222 594
907 16
577 531
932 117
588 749
909 948
525 304
451 578
610 370
29 630
730 842
62 928
163 978
718 136
85 787
762 343
29 215
212 854
859 521
888 642
931 416
219 160
520 522
351 437
88 376
191 342
620 71
226 212
518 789
236 259
789 804
256 420
493 735
400 592
722 104
407 397
551 487
9 920
726 817
495 86
70 623
71 592
821 266
871 575
413 453
746 427
414 592
167 445
621 765
874 216
531 395
109 934
685 869
565 43
612 696
387 910
365 971
856 415
868 210
595 660
583 844
427 202
201 923
224 486
372 821
378 400
684 997
727 123
391 99
75 692
613 973
639 956
2 353
51 835
106 297
764 65
906 661
974 848
278 149
421 69
345 749
675 21
972 594
760 789
868 542
243 733
53 37
127 726
654 27
175 83
269 1000
508 343
402 433
598 331
666 199
18 169
783 722
542 159
574 946
470 710
454 390
286 733
149 856
995 171
630 580
764 589
484 868
723 997
229 518
25 323
277 580
539 218
567 242
771 99
62 893
888 617
628 663
940 966
7 976
649 700
883 929
367 990
268 530
72 484
686 99
499 196
912 377
776 98
219 137
171 326
398 353
806 194
10 212
453 405
623 522
763 171
6 317
551 123
526 693
982 215
215 191
775 28
263 254
784 145
903 566
566 532
935 321
788 77
362 713
592 730
885 197
278 898
232 314
899 30
557 140
647 554
396 634
128 597
912 452
887 149
421 13
796 608
414 870
157 857
583 672
638 321
572 280
398 647
435 822
7 955
50 735
25 818
950 97
346 387
335 791
673 353
219 294
717 651
970 152
6 78
717 421
386 262
352 631
593 636
130 67
488 347
82 418
840 276
740 79
735 583
894 669
993 452
380 550
198 959
128 397
192 235
946 123
151 342
785 686
600 538
471 607
973 855
125 209
584 151
769 904
114 75
844 62
968 595
631 250
127 36
802 914
338 779
592 766
759 50
320 461
420 478
254 325
104 333
38 203
511 620
180 727
819 454
331 524
982 384
337 194
406 587
297 87
833 112
119 169
555 581
299 549
321 35
916 433
542 839
71 578
644 812
256 529
701 17
391 186
685 873
506 508
953 520
311 382
831 589
133 978
397 831
953 121
837 241
534 471
962 633
867 585
768 809
424 119
128 760
950 761
994 572
784 645
702 947
929 340
251 521
377 667
661 400
404 926
765 580
826 310
57 178
458 556
437 647
248 137
982 387
827 535
89 442
459 390
601 183
629 582
779 168
738 537
237 591
663 292
171 989
149 144
532 140
266 901
969 314
433 48
662 301
727 375
418 896
461 851
614 745
279 808
867 747
241 719
530 412
636 124
383 861
502 499
111 390
104 107
447 752
828 147
82 611
251 727
694 802
358 469
724 355
138 793
730 425
54 171
464 570
115 907
998 39
526 227
531 998
177 740
722 857
418 556
670 127
887 613
895 482
360 10
924 938
855 392
351 324
485 680
475 478
784 702
877 820
500 511
546 242
79 445
407 475
331 225
373 363
15 633
265 709
318 569
228 619
470 539
478 519
980 861
516 253
219 149
147 955
346 858
926 600
796 943
885 409
837 934
651 537
905 968
314 709
722 570
662 730
413 244
625 36
129 156
56 712
886 467
200 647
623 106
456 754
703 34
302 412
343 289
480 568
719 374
817 163
705 763
269 805
506 597
70 858
662 836
79 378
141 451
694 553
536 421
937 590
566 596
569 192
401 725
353 81
508 186
815 205
38 229
108 580
961 764
859 918
448 999
85 475
231 476
553 783
925 296
183 195
544 587
363 410
699 505
278 401
214 318
614 420
135 375
252 994
379 993
802 103
498 575
90 932
293 495
967 899
275 553
29 861
183 40
129 679
69 720
777 559
670 262
787 847
50 936
792 192
755 605
474 253
963 316
624 380
356 38
389 917
709 341
320 82
422 69
75 565
483 290
889 287
600 87
171 980
476 977
832 518
471 4
219 163
135 807
735 153
338 213
542 308
992 139
921 557
590 864
176 590
53 962
170 21
618 441
869 764
748 889
494 522
302 668
142 577
446 460
984 289
49 709
410 991
529 752
710 185
406 693
171 225
31 311
689 900
229 551
252 598
843 393
915 957
412 156
117 196
470 514
451 528
189 789
247 344
365 314
581 71
981 905
567 897
811 742
32 767
827 219
952 333
375 537
246 777
359 104
783 672
921 36
727 315
348 297
568 195
188 289
445 522
816 924
635 985
927 486
301 166
699 829
872 275
601 696
655 142
86 226
543 611
652 923
923 795
9 655
158 825
324 466
227 48
802 253
411 822
54 603
112 346
22 340
176 183
420 576
326 413
932 314
567 573
660 898
664 819
542 861
65 969
741 964
869 361
221 474
699 693
7 981
599 258
863 291
296 266
369 209
458 154
624 239
792 69
78 514
90 940
211 493
604 814
48 229
326 379
746 247
66 837
741 336
409 558
180 800
929 191
626 957
266 135
279 950
917 565
184 151
857 414
169 707
354 3
492 36
573 221
440 309
847 445
354 213
707 603
821 559
38 73
11 506
980 326
407 473
410 478
395 17
137 201
459 236
160 628
963 489
597 210
758 475
141 662
83 984
172 453
525 843
852 485
983 876
846 900
906 913
502 181
268 149
617 962
16 393
135 238
993 18
401 871
543 641
813 588
305 850
999 874
922 502
864 449
644 410
125 236
68 454
193 997
500 412
500 65
665 68
655 833
751 382
6 934
31 777
494 271
540 838
899 331
533 965
834 443
733 782
95 914
571 355
932 497
506 576
122 727
363 865
49 668
446 329
849 935
580 718
445 807
100 996
769 239
787 397
633 994
49 718
488 957
186 36
542 927
867 269
993 419
166 242
338 293
772 193
12 242
233 885
821 441
341 742
931 910
14 694
367 374
295 633
280 677
314 673
450 50
335 618
775 767
238 324
713 1000
50 864
927 904
381 682
608 253
882 145
211 142
73 170
597 580
157 851
799 10
687 254
174 802
855 974
19 923
905 859
362 883
392 207
717 975
886 585
496 485
693 675
784 114
626 599
975 763
289 530
132 868
344 911
166 700
513 820
213 305
289 272
806 994
597 513
700 578
878 604
471 745
349 830
235 270
399 744
104 966
384 888
240 559
273 488
607 899
916 664
792 189
879 965
495 145
118 263
555 262
946 310
613 611
44 504
781 833
502 656
916 260
106 815
369 324
387 435
310 685
123 443
991 749
331 996
557 488
927 976
271 751
592 528
241 471
534 173
39 451
158 307
796 646
873 119
642 111
508 243
603 49
86 673
312 608
940 747
138 375
384 248
604 720
460 911
191 418
462 892
896 227
235 994
148 330
488 685
947 825
600 228
329 685
645 445
522 846
642 932
396 364
238 755
75 798
334 941
814 248
365 292
500 716
238 343
388 720
149 478
939 320
768 536
848 989
531 432
655 994
15 590
508 215
633 250
973 568
139 927
979 458
671 585
268 925
316 309
951 429
441 540
36 406
257 142
35 61
366 883
10 36
277 91
665 891
99 566
348 566
939 9
67 250
695 557
257 175
285 270
343 991
425 844
452 848
280 705
663 625
150 412
284 131
74 559
560 610
20 280
942 153
976 529
646 577
288 805
488 551
856 263
223 31
57 350
879 283
489 427
825 64
906 11
538 735
957 588
329 371
572 152
493 151
121 902
623 588
699 758
80 377
143 627
838 936
648 593
206 907
83 436
145 184
374 178
176 255
553 550
110 915
354 577
79 628
431 681
614 113
594 995
741 919
643 788
339 61
681 193
240 6
2 645
809 546
913 710
980 373
116 222
997 385
481 902
329 34
352 880
500 254
716 791
823 771
866 372
265 839
403 725
929 694
696 669
890 292
152 858
369 98
914 583
476 4
833 430
10 646
844 215
50 689
76 872
317 859
341 211
548 780
829 718
362 914
136 827
356 138
983 324
406 767
233 814
423 72
58 413
33 573
383 107
926 676
948 419
854 432
611 336
507 475
737 651
768 437
804 141
62 381
564 266
792 45
373 300
104 967
566 61
962 680
680 50
874 65
706 70
232 987
855 590
671 959
517 863
702 335
755 895
318 294
870 927
651 630
176 145
536 532
440 937
89 759
753 225
660 896
787 681
781 601
694 872
944 28
120 617
344 838
72 134
935 469
623 733
399 595
686 141
911 941
346 728
786 876
478 191
378 451
650 501
846 822
517 143
630 200
228 956
763 782
543 127
370 309
676 114
964 190
75 568
400 355
635 541
593 261
80 519
366 724
489 93
33 496
209 305
571 767
632 963
503 1000
585 483
843 782
292 47
709 612
169 117
477 793
920 625
564 852
672 357
228 159
140 350
963 673
42 338
375 976
267 549
629 30
509 390
841 310
377 838
14 262
189 556
382 229
953 54
270 287
259 430
831 656
77 491
272 604
683 301
414 27
203 453
717 112
514 612
115 769
477 122
272 744
746 733
121 589
627 733
795 909
736 43
312 566
417 65
613 745
187 329
827 71
656 245
862 191
691 493
683 488
778 861
894 865
839 572
465 751
978 392
743 763
889 78
70 695
917 948
653 755
999 637
518 216
979 319
672 912
21 953
829 248
107 345
305 636
861 77
952 549
179 593
229 596
395 995
