200 5000
1 7
173 41
55 135
64 33
75 86
17 95
15 169
12 59
184 74
155 66
140 169
144 62
33 66
94 50
166 56
97 30
175 58
155 196
99 178
166 5
101 5
119 2
155 131
155 142
112 42
137 119
192 129
200 49
136 60
18 155
100 177
102 115
191 137
68 2
142 198
155 150
40 29
183 157
118 173
138 58
19 126
57 176
33 55
109 193
35 32
54 36
116 100
58 32
122 148
150 17
16 12
22 160
162 77
123 88
149 99
69 164
164 29
19 14
13 39
135 46
115 51
74 168
132 139
181 64
96 60
154 149
111 145
83 109
120 177
134 23
95 81
23 11
110 135
17 185
168 137
186 56
141 147
100 133
32 47
190 73
26 198
62 11
21 174
111 140
21 134
4 62
181 108
66 89
181 70
71 98
15 171
153 37
185 99
26 179
81 42
162 118
22 125
186 109
66 90
46 37
139 200
126 139
109 20
150 30
47 177
143 88
197 31
8 37
2 76
79 73
17 91
101 93
136 164
114 51
75 117
175 122
52 140
112 176
125 157
92 42
140 168
151 181
38 156
54 60
141 92
193 38
3 45
180 65
173 153
194 55
80 168
5 50
11 102
85 1
31 142
63 80
110 53
31 59
16 142
67 158
132 114
180 5
52 177
137 7
83 84
29 1
106 153
115 47
173 13
98 16
74 133
42 161
105 84
8 199
33 10
12 21
161 191
24 43
153 197
100 7
119 161
185 103
133 200
154 144
179 199
147 157
4 74
64 15
157 53
172 184
10 179
185 98
138 76
85 150
140 69
126 102
194 21
199 5
124 72
103 130
163 128
191 100
98 200
48 40
88 138
152 7
123 161
93 34
127 15
193 158
175 87
2 45
116 177
12 95
187 174
172 145
197 43
31 133
166 38
4 164
113 94
88 30
160 175
20 120
160 44
101 141
157 64
8 121
94 44
17 132
172 69
62 95
184 145
83 17
162 51
8 70
177 173
88 51
85 74
131 86
128 152
163 92
108 124
62 49
82 145
132 36
193 8
65 179
94 103
176 135
83 117
29 196
95 31
63 123
164 97
28 94
29 67
133 165
172 32
36 150
56 69
50 8
181 138
17 133
3 124
117 155
39 179
163 129
98 157
150 39
76 182
106 175
146 60
119 22
69 71
85 115
183 136
148 200
72 20
81 56
185 48
78 17
106 103
108 45
40 84
194 101
116 75
76 158
183 137
115 106
186 46
5 196
100 195
42 166
20 87
13 200
77 141
174 165
79 132
56 174
37 74
194 2
38 21
13 128
55 161
24 139
82 98
105 21
188 65
191 55
159 172
85 101
58 146
67 86
87 195
73 118
142 97
36 65
84 97
72 94
13 37
200 111
92 179
165 119
84 60
169 116
57 129
177 51
125 10
95 165
174 45
196 134
141 54
182 48
96 71
162 122
5 84
46 99
103 51
111 121
68 115
153 141
33 185
89 143
112 110
104 147
179 110
121 170
86 5
189 8
147 182
52 129
187 157
12 20
72 177
41 189
118 198
159 78
6 5
122 158
94 102
148 187
56 33
28 199
27 68
31 84
100 21
77 60
55 14
60 169
49 75
117 12
53 79
16 153
84 7
143 104
89 146
1 20
49 106
162 125
53 168
96 92
9 134
134 86
47 116
71 19
172 117
168 5
170 73
166 161
184 16
53 104
150 156
91 78
34 179
95 29
186 125
119 18
90 8
140 28
39 20
70 125
88 115
61 139
83 19
143 194
44 161
86 141
197 86
7 148
123 180
122 155
64 126
175 55
53 15
76 3
66 178
36 15
175 76
32 52
95 183
85 31
25 127
61 79
115 171
168 34
149 153
139 33
72 60
185 84
44 49
8 173
168 3
37 105
57 126
110 113
93 158
36 146
50 33
177 180
19 52
179 139
25 84
157 178
83 179
114 3
177 117
80 186
183 116
130 78
25 18
199 103
194 56
81 135
94 13
17 152
30 176
43 111
32 123
128 191
196 54
3 53
40 197
192 163
30 105
58 121
102 63
66 156
17 137
79 182
97 83
160 19
136 174
57 26
182 163
18 49
191 79
171 156
189 22
1 57
143 48
81 21
136 7
133 196
144 139
111 67
136 112
74 66
80 20
59 159
108 110
6 135
101 64
60 113
44 106
182 87
129 55
115 145
43 99
132 65
120 107
88 27
103 157
142 45
87 194
151 162
84 2
187 109
94 93
109 166
20 11
127 36
2 141
178 163
11 29
172 6
187 2
21 198
58 191
1 13
14 49
61 155
79 162
149 195
73 157
41 191
73 186
56 75
188 109
54 85
56 145
176 108
171 14
41 96
152 39
152 153
155 137
135 133
55 67
82 146
90 41
48 132
53 101
151 164
147 196
182 151
33 89
33 36
188 14
24 179
163 179
48 17
133 173
163 145
7 151
105 57
7 150
81 6
68 142
199 114
74 60
187 104
197 96
78 66
24 22
5 143
67 130
70 47
29 28
142 179
112 12
66 188
61 127
199 14
117 151
79 171
69 120
56 10
87 101
153 3
23 171
119 117
163 174
37 192
16 130
127 105
31 139
34 161
118 18
82 12
180 151
181 96
167 34
88 108
41 52
175 88
77 137
15 10
9 17
100 187
39 11
135 189
6 17
23 18
47 134
110 134
129 70
74 187
153 147
70 117
187 179
83 95
53 60
84 92
191 139
137 28
85 127
13 57
197 151
29 69
180 45
198 75
106 8
80 26
31 135
173 79
2 190
66 196
88 84
125 23
111 83
25 161
70 48
92 17
142 98
189 122
104 179
191 193
104 54
135 147
143 87
39 159
25 194
61 111
156 198
11 69
131 84
25 102
165 96
124 106
56 96
121 175
170 22
174 20
178 103
167 73
128 161
93 97
86 170
143 6
41 88
165 49
191 48
88 141
8 17
103 5
111 93
60 4
35 79
198 23
20 185
160 195
18 195
114 110
148 66
17 18
75 174
161 157
59 93
134 18
51 15
22 184
77 196
103 38
181 31
146 101
84 56
75 178
115 173
1 177
77 89
95 80
107 179
192 28
87 50
103 112
168 127
38 109
64 37
193 75
178 3
18 126
118 126
132 16
162 84
71 154
129 1
155 156
128 131
166 77
118 6
3 130
72 191
127 128
175 4
40 143
137 23
131 152
24 30
141 119
153 115
140 36
68 158
105 94
84 100
105 109
115 52
77 62
122 97
108 22
114 9
137 170
103 70
78 73
105 55
188 98
160 141
200 94
150 49
9 126
148 11
93 155
95 14
132 31
79 21
84 34
115 105
191 114
37 144
178 82
61 169
87 117
135 74
155 91
6 129
134 129
40 149
200 164
136 29
118 25
197 29
65 57
174 68
122 131
56 26
193 101
164 41
26 137
89 144
82 7
133 84
31 87
30 170
180 33
14 50
121 153
136 145
125 129
3 166
79 39
133 134
195 22
195 15
167 26
38 114
131 113
79 22
182 24
38 168
120 196
104 63
69 43
27 195
140 176
97 170
95 76
19 131
65 9
151 172
192 186
5 82
138 51
173 22
51 18
90 172
1 22
92 60
195 116
80 102
91 177
138 172
198 50
139 21
197 95
170 71
74 165
106 109
182 81
80 86
35 132
70 74
61 172
49 65
195 121
18 165
50 168
75 188
53 176
135 85
173 67
155 101
131 15
173 32
29 112
132 148
171 30
77 46
126 56
10 130
103 111
83 60
180 37
123 167
171 70
64 82
164 62
173 78
17 90
155 70
136 110
126 68
27 134
16 41
175 136
97 42
30 45
134 124
160 183
99 151
135 172
58 46
129 49
117 16
53 92
125 36
56 54
49 68
138 44
112 190
93 175
132 152
55 25
134 38
27 41
26 106
40 43
10 77
5 52
37 43
19 128
57 168
84 125
90 50
92 138
152 30
149 70
175 193
178 185
55 64
186 168
51 42
22 72
195 73
121 163
10 102
162 143
117 109
22 70
110 164
68 146
194 20
63 195
63 159
29 105
199 119
46 159
193 131
18 10
142 161
98 149
49 123
105 114
163 32
113 171
88 172
46 47
101 152
173 117
14 17
23 140
110 192
119 46
186 123
152 162
148 100
92 81
78 12
157 70
122 40
37 111
15 112
198 170
103 49
158 108
163 115
65 95
196 198
181 47
142 185
75 72
6 132
140 55
121 95
184 160
116 175
84 1
194 157
40 144
154 30
129 179
150 55
145 8
95 89
151 92
77 179
193 115
88 125
5 152
115 55
59 177
134 156
169 102
177 58
50 109
60 192
109 39
169 2
89 1
110 34
42 149
108 100
36 44
62 92
65 86
51 149
72 174
164 86
184 111
123 61
71 151
87 69
161 81
80 32
81 19
123 36
30 116
34 74
34 71
170 16
67 52
27 111
140 138
12 71
147 155
61 94
31 191
157 5
94 4
177 50
62 132
148 42
93 36
142 82
48 42
64 172
82 26
116 22
174 185
161 95
148 93
91 95
79 62
114 32
11 79
114 64
178 34
101 176
155 21
198 173
31 134
93 149
128 18
93 21
66 107
9 176
193 122
121 134
70 45
133 164
152 38
78 58
36 47
191 104
127 33
190 161
183 87
96 177
105 64
138 148
125 94
152 174
46 112
15 47
117 35
153 135
119 160
45 79
136 92
103 28
72 92
108 196
134 25
44 196
185 144
26 7
65 143
149 145
147 171
138 69
33 155
142 79
153 23
50 43
71 80
172 114
152 62
181 45
67 98
32 76
89 107
134 56
81 18
5 11
164 13
161 30
143 90
11 153
152 108
199 187
127 163
144 142
70 63
182 194
24 34
66 95
121 78
108 74
39 5
190 92
45 29
118 21
87 161
86 25
178 85
107 20
50 66
170 143
15 174
32 20
185 97
133 178
179 184
54 70
154 48
132 89
176 48
59 106
184 150
152 146
58 95
21 74
147 102
28 20
78 119
162 110
88 147
29 122
7 166
69 144
30 64
11 158
112 28
177 110
27 69
131 101
1 55
14 169
123 170
123 72
9 152
190 195
136 23
136 20
64 3
62 36
134 164
140 92
80 46
164 197
64 160
163 4
59 55
21 158
120 157
158 146
71 20
122 100
28 125
161 188
191 38
85 52
199 143
107 176
137 141
11 161
24 136
117 126
55 172
184 48
78 28
196 72
59 39
163 36
102 69
113 112
190 198
156 182
137 79
82 166
129 122
64 68
43 97
47 61
127 196
55 164
123 55
109 162
81 22
124 161
74 124
115 96
161 96
98 2
167 59
18 62
26 162
121 167
107 122
154 185
127 154
84 164
151 98
23 13
4 19
136 69
86 13
133 192
18 173
200 75
3 151
94 132
49 179
141 155
16 81
167 175
148 34
152 109
86 77
164 67
109 131
3 123
134 10
119 53
20 51
143 70
159 136
157 13
96 34
13 78
57 169
90 19
84 127
150 161
86 57
80 10
23 151
99 115
77 152
42 168
76 103
113 77
156 84
118 32
59 189
170 111
182 136
154 98
169 190
181 147
144 77
37 35
124 128
10 200
128 174
71 111
75 62
30 60
130 33
15 153
159 102
99 114
128 49
165 1
80 8
28 178
199 58
11 10
121 19
16 40
63 160
150 69
129 107
90 103
73 92
12 8
150 108
13 132
107 104
102 164
191 85
73 66
18 144
186 13
35 172
32 3
5 156
87 4
75 142
43 110
26 158
7 56
80 197
115 119
193 20
36 95
117 5
87 92
163 100
108 146
55 16
106 94
98 28
142 13
157 200
143 168
178 110
36 61
26 5
172 37
89 136
132 130
123 126
11 113
134 138
44 86
27 14
111 172
95 19
153 28
107 2
135 76
69 158
189 121
119 24
16 143
29 181
7 97
199 55
178 35
8 97
119 27
116 141
18 80
181 131
55 121
2 105
149 114
46 146
1 149
188 115
109 27
132 1
104 82
22 12
199 170
54 59
182 183
137 121
49 115
131 49
199 193
124 154
109 112
42 129
115 53
181 22
30 184
110 171
104 28
120 137
157 186
59 133
83 194
35 28
71 167
88 38
173 16
110 132
142 137
30 195
3 31
170 78
109 107
55 195
154 151
87 135
147 177
99 79
89 121
135 164
162 185
199 77
113 190
192 95
130 5
73 17
174 55
169 53
131 90
21 1
176 74
8 79
31 82
14 40
3 155
100 28
182 108
141 117
195 147
71 83
178 176
29 50
87 154
123 74
82 96
15 177
21 156
145 24
108 105
87 45
5 137
177 90
173 7
181 120
47 141
51 130
105 28
51 102
144 23
180 78
89 60
139 124
115 126
139 130
118 169
68 131
26 13
142 73
179 191
194 22
4 110
58 48
95 86
34 23
7 78
134 186
197 185
124 97
53 70
48 187
154 69
165 190
96 182
87 165
114 192
152 94
137 1
112 65
4 144
75 123
195 69
85 98
77 25
172 200
143 68
157 180
132 123
150 154
7 102
119 189
194 117
168 37
129 104
13 36
54 180
180 44
183 151
115 141
75 5
46 51
66 91
68 130
59 136
198 168
47 84
182 142
171 18
76 96
172 53
104 144
141 151
118 105
143 51
39 61
106 166
125 21
49 138
141 124
139 6
173 25
167 172
61 23
19 25
99 65
23 110
67 76
77 195
149 78
110 26
112 9
99 27
179 33
80 35
80 149
94 9
28 176
189 136
183 34
123 146
54 94
5 165
125 24
190 26
22 188
187 59
30 140
196 186
167 163
117 33
129 100
158 198
11 122
12 180
85 68
145 87
7 135
41 81
124 138
179 115
142 63
128 9
159 117
41 39
79 17
71 169
83 7
56 19
137 10
56 70
124 153
169 99
83 166
121 44
38 2
150 189
6 79
185 179
164 174
143 45
54 95
31 57
137 45
30 102
61 116
73 45
113 139
9 14
8 68
158 196
80 74
18 11
200 188
4 116
96 5
75 165
131 147
156 31
181 65
153 170
101 135
91 192
23 162
115 172
127 145
84 72
77 69
21 115
8 196
75 141
86 156
62 8
150 137
113 10
58 105
180 105
93 85
190 90
24 10
176 118
84 132
15 4
85 161
176 160
71 110
154 66
161 171
132 151
148 158
187 15
5 1
82 103
130 37
125 145
156 163
53 59
123 171
24 135
68 167
21 132
124 98
131 188
71 199
184 63
89 119
60 110
65 159
181 164
166 100
134 107
81 141
45 178
155 120
166 119
111 31
168 106
77 126
116 54
118 108
131 158
104 193
192 145
191 67
196 12
58 198
29 14
61 184
66 108
122 48
73 69
74 112
181 78
126 92
64 109
162 165
148 146
143 97
21 54
104 2
12 57
184 175
133 190
15 7
99 132
36 153
140 34
85 42
184 115
107 196
166 19
108 117
112 22
116 137
182 161
117 131
21 173
24 195
133 52
183 27
181 123
187 17
20 121
193 87
83 77
14 181
14 10
88 146
78 113
89 13
175 109
160 112
70 147
87 185
71 136
186 191
16 10
161 39
45 33
4 147
1 37
156 190
112 151
43 6
90 42
80 37
88 169
6 116
148 72
100 112
104 112
81 144
141 113
110 140
186 162
77 20
141 1
142 132
10 143
138 99
117 186
13 192
107 59
93 42
80 142
11 168
177 18
15 74
154 186
153 89
63 103
52 17
195 141
91 123
98 103
190 23
103 110
164 172
116 174
39 131
142 131
149 87
80 81
36 66
21 75
199 160
162 76
198 179
132 91
55 182
143 119
30 111
49 99
117 1
82 28
41 87
75 112
178 180
28 34
109 132
130 99
114 70
193 42
6 104
107 154
143 102
185 13
85 136
89 182
49 81
113 52
133 90
27 95
158 104
138 10
187 33
83 119
88 78
105 200
34 17
56 62
21 27
104 29
138 25
143 18
8 123
73 200
114 6
22 13
89 56
104 164
181 41
137 84
185 96
186 118
61 141
113 88
79 68
34 45
57 77
142 23
25 47
110 25
73 10
171 183
111 183
58 35
112 187
183 77
71 122
48 8
22 144
123 150
123 187
154 194
12 89
108 183
87 120
76 57
88 173
198 88
54 31
10 76
82 118
190 126
89 4
30 10
70 100
149 197
17 112
160 129
162 96
53 55
168 105
126 128
198 109
41 53
115 86
15 13
102 68
53 84
140 83
56 179
194 86
195 62
154 94
77 36
91 125
83 127
177 185
161 164
81 53
84 142
65 175
129 35
60 16
3 7
32 119
117 157
18 113
135 13
84 46
133 20
101 109
96 53
114 7
148 121
73 178
74 75
188 189
24 144
190 158
93 96
115 41
51 117
117 9
129 174
27 191
16 31
49 105
73 185
34 133
44 17
1 87
140 97
51 121
93 41
59 113
152 176
171 91
116 101
194 128
80 90
18 174
83 145
40 146
45 130
49 45
66 99
28 141
190 149
28 63
191 8
4 200
55 37
42 84
120 105
162 1
25 66
161 118
73 2
52 112
64 115
121 96
109 73
8 170
57 85
128 164
25 115
99 145
58 132
64 72
197 106
187 55
15 14
103 188
115 77
121 59
22 158
104 196
174 50
134 26
144 108
25 72
179 97
192 79
193 100
189 104
107 125
172 45
139 48
197 16
35 24
98 61
192 85
76 97
46 61
168 60
55 84
142 9
131 62
75 108
116 191
33 12
143 3
194 27
71 179
79 83
106 174
138 50
166 164
145 12
122 90
109 124
178 140
149 185
169 163
30 194
76 183
46 49
103 68
57 75
100 2
1 14
14 90
45 104
59 66
59 145
183 26
28 120
75 152
118 13
78 18
181 122
127 77
80 91
3 109
121 197
152 164
198 84
53 83
132 127
35 150
36 68
46 35
178 187
35 147
59 111
166 144
25 185
4 146
77 163
31 86
39 113
85 10
9 20
71 99
46 132
175 124
60 162
149 126
12 134
73 22
107 65
189 55
121 94
38 45
185 118
29 116
118 12
138 153
125 123
132 134
147 164
124 80
35 183
145 151
173 196
144 195
112 188
77 16
78 87
151 74
126 60
105 39
192 9
107 167
24 102
100 56
135 86
58 133
41 199
46 25
108 167
68 15
7 186
195 83
135 188
117 65
64 84
61 126
163 19
51 44
185 11
198 49
65 171
124 19
189 184
126 82
46 195
58 154
5 122
34 187
118 36
35 67
32 16
25 58
140 26
66 173
121 23
185 115
197 139
165 170
62 30
96 80
97 53
107 74
107 9
187 18
192 16
171 66
132 187
29 18
67 59
70 140
156 2
126 151
4 103
158 10
131 123
162 46
52 181
16 199
6 76
63 97
191 82
83 20
107 128
170 52
187 155
117 127
127 138
6 21
152 143
74 43
175 132
191 40
33 81
115 178
12 54
96 90
96 194
10 60
183 54
27 30
200 112
199 159
182 26
68 96
196 32
12 137
200 144
102 121
193 91
194 17
78 63
28 62
64 182
137 70
132 181
105 116
162 195
12 190
34 191
92 98
119 75
170 185
173 116
198 99
177 48
178 18
187 152
6 119
71 84
140 12
120 54
28 180
73 180
35 155
32 161
134 125
109 189
184 199
85 77
118 157
152 96
60 183
173 61
3 2
176 18
138 13
53 65
82 91
22 94
27 176
149 125
196 7
32 179
93 78
92 35
91 50
149 115
100 170
75 99
38 99
88 73
83 66
53 35
14 168
95 50
31 89
189 88
21 142
32 79
145 7
167 62
157 14
30 66
179 113
104 85
173 81
2 139
99 54
69 39
152 36
19 158
48 173
65 72
42 50
126 37
88 70
30 135
102 134
27 112
28 136
104 17
126 170
190 180
156 103
82 25
169 200
161 102
76 149
13 16
54 176
94 11
18 36
48 31
65 115
173 119
165 134
151 125
88 183
41 133
167 54
144 99
198 141
88 16
9 143
190 178
152 177
98 78
24 174
19 129
79 48
91 26
92 31
176 23
31 28
24 57
128 195
111 141
85 193
113 168
159 57
178 186
59 98
185 189
16 69
86 154
74 36
127 150
179 177
129 15
156 18
5 55
138 34
187 124
56 68
27 149
174 112
19 73
85 97
196 51
89 115
93 126
171 28
106 39
4 51
85 50
80 128
89 142
91 162
52 182
141 41
169 107
38 10
70 9
134 29
79 87
61 178
130 53
140 31
93 182
96 79
159 127
194 8
125 194
133 6
81 23
30 3
112 183
190 140
28 142
30 74
49 60
147 106
54 130
106 190
198 41
29 110
9 175
92 189
83 25
165 138
198 51
53 177
76 38
5 97
128 83
173 102
173 99
55 11
16 200
117 181
189 134
101 200
190 91
125 112
76 147
103 89
43 57
167 165
122 17
103 187
197 115
48 81
38 184
157 156
196 169
130 118
3 121
55 142
130 72
84 63
98 171
179 167
60 91
60 151
157 193
95 32
67 159
161 61
145 71
114 128
68 149
192 24
105 41
112 139
192 152
57 48
65 26
22 83
115 167
31 46
175 41
165 14
88 89
7 91
115 16
187 47
90 161
13 66
70 98
163 86
46 30
19 13
87 138
8 161
24 36
79 190
34 142
114 68
136 184
87 28
56 172
71 137
24 157
101 162
136 13
116 17
168 41
102 44
96 86
29 192
176 109
30 40
36 20
198 171
180 197
109 1
44 73
150 93
110 175
159 143
21 135
134 1
181 178
55 132
110 32
98 156
167 18
76 87
197 39
8 18
61 12
46 20
32 31
117 4
19 123
87 104
75 43
178 14
95 131
131 11
106 80
24 56
173 170
6 16
159 139
2 178
116 39
114 179
2 25
98 91
148 153
174 141
81 106
64 107
85 189
115 22
182 126
11 186
12 28
136 21
121 120
90 70
125 142
72 68
176 172
106 180
188 129
38 60
95 127
50 32
175 129
14 110
118 51
165 102
39 47
111 108
26 197
76 75
60 78
155 200
196 26
104 77
33 197
28 159
6 111
85 102
139 58
107 114
119 153
168 172
142 40
22 7
188 9
153 45
72 11
172 127
78 166
150 83
111 143
32 77
111 162
152 189
91 49
89 35
81 152
141 8
4 46
110 85
3 61
81 191
67 157
72 159
169 138
113 155
139 16
129 165
168 199
103 116
198 185
97 183
113 14
85 153
137 94
55 68
77 8
50 130
25 171
54 163
170 178
3 8
198 97
95 2
55 108
147 91
181 114
132 4
155 53
126 10
48 71
72 197
138 189
16 158
80 190
164 125
1 18
128 121
146 18
176 17
127 52
171 165
193 173
2 135
120 186
95 191
106 196
14 104
111 76
146 147
52 90
158 161
10 182
29 46
87 5
9 56
1 8
49 50
128 146
6 167
63 85
51 190
145 182
73 139
131 22
150 79
5 23
147 187
197 98
10 57
108 37
40 179
82 140
194 184
193 147
191 76
113 19
131 75
80 1
135 123
110 125
10 104
96 189
168 166
163 191
116 69
9 10
165 152
49 196
38 155
99 2
61 185
5 20
89 154
52 20
89 23
52 62
86 83
48 29
14 151
173 178
58 200
87 155
112 194
45 168
43 150
104 70
98 110
38 154
32 117
151 85
200 6
76 94
37 162
11 163
161 192
10 161
32 33
93 71
156 25
196 89
146 80
35 184
20 130
7 65
192 30
6 148
50 17
17 154
155 97
29 100
120 95
139 36
69 146
8 36
9 183
14 131
76 123
119 25
185 29
95 114
69 200
136 138
11 16
92 12
101 170
77 4
189 81
163 140
95 106
171 58
156 20
190 196
108 169
16 49
156 152
71 193
66 15
48 162
157 173
8 138
145 128
64 50
198 114
89 118
60 34
109 110
125 114
105 126
184 177
161 126
163 101
114 154
38 198
76 8
98 104
111 188
24 173
174 114
184 125
33 188
103 147
175 174
198 200
143 20
135 44
39 121
68 69
88 71
69 95
189 163
113 114
45 158
20 41
93 100
14 164
139 198
17 36
10 43
29 12
21 87
82 39
1 199
100 113
71 197
110 156
155 82
146 138
63 96
184 187
189 113
41 192
44 190
188 16
120 34
93 23
132 143
50 112
198 169
156 36
38 23
84 155
121 162
43 36
61 105
6 49
187 20
79 141
135 156
99 146
3 9
196 154
151 129
138 190
180 85
134 44
134 63
95 111
147 143
7 5
47 149
164 52
70 62
36 157
98 50
2 28
82 14
48 188
152 182
148 24
121 15
10 110
1 106
190 63
155 60
175 149
182 172
63 56
151 138
195 173
162 83
87 103
116 65
176 89
21 62
43 23
50 67
139 104
1 15
162 106
64 94
150 63
182 135
31 24
22 152
29 96
82 90
179 8
40 65
126 2
119 76
173 27
162 170
127 158
95 34
54 181
9 118
167 192
137 48
198 112
18 147
179 146
49 122
108 98
175 85
97 41
49 24
8 108
199 194
161 116
19 42
189 82
165 55
21 200
193 23
71 196
58 107
193 167
176 56
148 126
130 30
21 69
126 107
5 99
109 91
123 26
31 198
55 190
132 72
102 39
104 118
194 60
152 158
170 88
184 117
117 19
143 11
60 166
69 14
98 80
65 122
134 98
116 147
153 107
183 72
183 178
47 40
138 100
79 148
78 6
70 172
93 144
2 34
27 28
57 96
115 166
79 64
53 5
7 128
184 190
1 152
191 56
89 57
9 41
55 54
108 128
95 122
124 123
126 179
117 188
146 136
14 20
75 55
64 91
190 95
65 66
136 167
144 78
149 13
150 102
96 43
197 61
9 40
2 133
137 105
166 102
39 10
126 75
43 60
190 187
100 98
38 5
65 84
127 106
77 142
132 155
8 127
167 12
191 7
143 180
42 111
136 88
63 99
78 157
166 87
88 85
46 138
148 96
138 102
10 107
149 199
14 44
35 13
111 191
40 17
122 45
79 81
75 87
21 67
126 15
161 63
128 81
105 181
112 1
99 177
70 135
117 123
126 39
147 188
190 160
78 193
44 117
64 196
127 46
64 104
120 175
78 14
96 6
77 172
46 153
15 52
169 24
112 189
87 170
81 149
135 33
108 27
90 182
98 39
184 154
26 4
62 113
157 182
5 116
42 133
151 67
60 175
170 19
180 99
199 178
41 75
136 169
21 60
69 8
7 163
3 106
21 170
22 156
194 68
130 147
190 124
145 147
116 140
86 113
92 6
39 174
183 140
22 64
69 23
82 17
175 89
116 106
65 37
84 199
155 67
161 183
127 161
114 141
57 196
125 128
85 9
90 124
4 196
173 80
139 186
83 186
125 115
18 179
165 80
183 127
107 181
200 114
177 6
160 191
172 18
176 1
164 177
178 4
99 140
163 69
13 99
13 17
156 114
105 140
134 159
23 22
120 190
98 84
34 27
60 98
173 1
36 104
159 32
104 40
49 172
102 163
145 179
26 29
39 3
12 151
166 197
28 9
121 93
10 145
67 127
158 180
1 139
67 43
39 6
130 159
163 183
114 195
25 34
98 115
32 91
195 153
23 29
109 25
116 92
66 125
66 150
69 34
139 62
76 190
4 182
122 118
155 107
34 55
95 53
117 49
185 19
93 69
8 152
192 92
187 167
39 156
141 46
97 154
81 25
197 76
29 123
43 116
39 1
56 107
128 34
16 84
169 103
169 76
180 59
66 39
43 52
53 48
188 24
80 175
101 115
75 26
194 197
132 59
83 14
95 152
188 7
133 35
43 136
103 65
171 134
165 114
152 3
144 49
88 156
13 68
2 40
149 5
184 123
132 7
23 133
138 155
43 108
171 131
106 33
194 151
76 117
131 67
69 51
62 123
71 77
139 160
45 169
157 107
183 12
132 135
91 72
120 140
143 107
93 18
96 173
93 171
151 32
93 197
172 156
142 194
179 196
164 93
34 36
71 135
169 114
81 140
9 29
69 81
167 86
81 117
11 123
43 161
52 82
162 2
40 152
63 189
134 199
26 49
111 7
9 159
99 3
17 15
16 112
78 43
190 137
48 15
24 86
78 192
179 123
158 92
180 1
85 90
135 84
2 93
114 43
38 67
85 67
95 64
150 81
142 12
84 35
40 61
104 131
116 134
134 4
106 88
90 148
24 33
91 149
33 141
84 102
45 50
44 4
135 10
118 170
73 27
90 22
33 115
158 43
34 172
161 151
45 6
6 187
151 140
84 74
172 3
5 115
10 29
56 109
37 100
130 35
96 106
185 199
12 25
149 182
26 199
132 182
188 152
9 12
47 107
65 156
143 21
105 179
152 113
36 187
172 160
75 155
32 82
110 120
86 92
83 61
126 14
53 197
64 75
110 152
48 194
46 121
18 108
191 167
45 192
37 70
174 189
153 2
132 194
90 86
143 24
59 70
59 165
78 77
47 109
33 67
128 15
86 99
44 7
33 157
66 112
58 68
15 193
39 101
48 163
72 38
126 3
182 179
113 161
9 103
46 64
97 196
77 123
150 40
118 2
187 154
48 190
189 19
60 24
141 175
94 34
68 46
77 84
28 134
125 155
117 134
1 48
184 4
50 92
78 30
195 89
66 76
145 60
39 191
140 160
151 75
31 167
125 163
46 140
57 157
177 189
187 98
171 5
66 49
160 75
156 41
144 16
75 132
176 76
68 20
195 123
135 53
76 151
183 83
167 91
193 110
174 145
180 182
51 75
47 169
90 62
186 20
145 195
60 190
113 8
49 141
23 172
78 198
40 181
35 82
120 90
49 112
53 54
172 28
44 158
39 72
25 170
107 117
9 96
79 100
33 169
127 173
82 47
3 42
174 70
165 24
79 47
164 99
32 171
7 177
48 178
19 47
74 113
197 20
158 171
172 84
74 143
149 85
136 98
128 56
80 27
58 170
133 22
194 74
187 192
14 32
16 73
75 15
40 131
156 100
105 7
120 62
108 113
28 161
15 44
154 143
62 19
109 102
31 13
32 149
117 193
123 14
124 45
104 66
70 197
93 161
150 109
197 100
56 193
8 132
198 63
65 135
191 42
7 14
67 137
164 120
73 72
1 115
90 3
157 44
45 150
33 98
25 30
172 181
13 64
17 119
105 190
12 2
14 77
61 183
98 93
196 119
45 176
96 180
79 124
93 60
190 192
36 160
95 130
39 12
200 7
3 195
110 166
79 50
96 192
188 128
198 90
8 180
86 101
120 125
158 86
151 8
177 75
168 12
135 51
97 156
4 36
193 154
159 8
39 184
176 79
3 142
11 164
157 165
69 199
155 102
80 171
29 76
101 90
56 94
156 112
156 173
47 165
71 29
143 181
139 162
130 32
187 14
45 152
153 120
197 134
11 141
146 51
40 19
99 174
192 118
139 34
141 22
167 35
188 44
47 102
145 90
111 49
156 197
39 75
154 158
37 9
54 123
4 113
113 102
14 22
180 15
150 153
200 126
44 127
46 163
144 95
108 156
16 34
84 150
103 13
125 73
80 134
167 141
138 39
76 132
118 182
177 95
57 5
136 109
20 162
1 74
94 129
81 72
16 9
47 171
40 26
68 154
166 9
198 101
82 27
181 16
195 165
106 111
31 112
142 199
52 183
172 126
129 37
94 27
95 182
37 85
53 40
66 170
95 61
128 29
148 198
179 159
118 98
39 124
126 16
18 129
108 149
184 155
88 39
80 126
145 130
120 58
191 36
57 41
157 29
180 112
42 190
76 153
167 37
81 123
91 119
55 90
109 41
21 41
91 186
17 3
83 78
41 182
176 32
116 26
17 7
126 184
131 126
30 149
103 71
69 6
49 20
125 98
134 8
83 94
91 146
121 190
79 122
96 65
191 16
182 21
81 36
43 47
148 26
182 36
94 18
3 111
91 184
116 180
43 59
180 169
96 125
102 32
47 160
111 119
158 50
165 46
133 143
15 99
106 113
84 194
176 49
104 151
6 2
128 11
61 166
198 136
165 105
68 32
84 76
196 139
174 168
192 76
87 151
58 60
52 33
7 127
141 171
99 8
135 60
154 57
67 40
197 130
2 37
143 118
158 7
22 107
169 173
37 132
196 81
102 60
65 22
79 146
104 89
25 192
53 145
41 154
48 22
98 176
97 199
109 173
164 9
122 174
129 116
57 143
91 36
12 157
38 78
61 45
47 184
41 193
28 88
131 184
89 54
8 120
106 36
170 117
4 195
189 33
199 89
40 54
86 150
197 101
111 193
63 40
111 179
51 155
32 199
93 43
69 18
126 34
176 196
13 197
25 54
185 127
77 170
100 55
128 139
94 135
161 134
145 75
169 170
174 105
80 83
81 70
178 52
1 147
99 168
188 40
59 195
72 162
180 110
108 153
12 52
30 175
15 67
84 3
20 60
198 180
183 49
146 49
57 66
72 140
174 162
107 136
186 111
127 129
127 156
162 200
143 73
154 113
70 122
72 136
127 157
178 79
184 171
118 167
101 74
126 104
57 87
122 126
14 161
100 48
28 143
94 48
108 52
70 156
75 6
52 152
190 17
31 66
131 150
99 89
114 98
157 80
81 13
78 127
52 158
46 3
160 182
89 116
144 156
84 38
131 173
68 180
65 43
165 176
160 78
146 119
32 106
3 137
127 111
34 162
74 198
140 16
146 165
67 103
172 7
35 42
34 147
192 132
136 144
93 120
18 37
41 18
154 18
40 199
123 108
156 138
198 130
167 14
58 126
47 57
23 168
97 67
145 150
175 158
125 159
185 2
154 109
141 62
167 84
145 72
105 68
18 31
10 92
115 165
86 177
16 194
40 10
17 167
116 81
100 145
183 98
180 183
191 10
5 94
26 144
85 51
80 61
68 153
96 83
24 78
82 182
121 151
111 35
126 69
158 49
76 9
27 49
41 158
154 53
14 144
136 128
142 42
157 82
97 157
129 131
151 78
52 132
105 76
143 196
144 60
64 141
141 187
129 157
23 156
92 133
15 45
197 184
108 142
200 51
171 63
114 53
96 164
78 70
134 167
183 19
31 193
95 39
85 89
175 179
162 30
69 108
55 9
81 192
116 156
26 43
115 31
131 110
35 192
114 102
167 128
136 179
151 190
34 188
63 156
14 86
114 190
135 136
33 5
25 176
182 50
175 51
65 29
163 83
20 2
101 60
37 114
124 84
179 16
43 88
90 56
56 148
2 158
106 128
71 166
28 70
59 129
153 92
1 67
196 21
53 140
35 114
151 22
47 111
168 187
185 135
144 70
119 98
177 101
93 54
52 35
169 97
77 193
65 152
125 19
150 112
196 118
58 14
147 52
133 172
83 199
84 6
13 77
11 90
157 112
16 174
109 12
116 187
115 71
183 146
189 23
164 24
152 26
13 166
180 187
66 70
109 185
193 121
57 100
47 198
94 12
16 110
153 184
122 101
43 149
79 57
176 11
134 83
130 74
182 88
121 104
156 187
49 139
74 196
43 90
136 99
185 107
190 86
53 4
123 42
57 60
131 63
134 70
147 15
137 16
48 175
87 140
165 84
59 119
13 179
54 139
188 194
194 121
141 51
73 21
27 67
118 144
46 41
30 4
66 63
63 194
7 12
171 38
153 61
63 116
143 164
60 33
127 47
105 98
168 123
101 42
87 35
192 72
180 159
184 25
16 3
133 121
154 142
69 24
191 189
44 39
193 16
115 194
19 79
29 194
111 123
55 78
42 195
25 51
99 111
98 44
147 6
170 183
49 82
11 42
173 87
47 7
128 129
30 123
44 42
13 85
88 129
43 106
42 53
105 14
61 181
167 33
140 59
115 144
73 14
165 71
46 184
189 49
93 67
48 123
119 191
54 117
62 133
141 32
84 45
3 67
132 68
164 56
155 7
84 9
103 142
175 181
45 199
68 47
141 173
116 157
42 128
11 104
81 145
70 107
97 136
9 196
54 1
118 112
184 18
103 180
100 125
105 199
52 66
156 28
57 191
65 67
104 13
2 175
12 132
195 198
181 48
68 28
11 89
65 161
184 186
173 94
29 22
124 127
36 179
46 100
178 127
154 93
177 168
61 49
123 169
149 106
7 69
159 77
20 178
200 46
53 75
38 148
185 163
122 173
75 154
191 140
25 111
126 189
114 106
159 115
64 164
118 120
97 133
142 91
72 1
57 125
42 22
188 134
169 46
151 96
138 61
164 105
85 116
1 42
168 69
122 15
37 75
70 118
16 189
172 63
95 146
69 152
17 151
93 8
174 96
196 36
145 32
123 87
54 197
47 22
196 113
60 37
167 39
186 92
156 121
51 58
166 69
157 85
150 20
83 8
49 159
194 102
79 85
29 73
197 34
40 69
101 10
163 155
160 15
140 60
68 107
173 91
200 128
42 162
157 164
97 194
183 169
193 170
3 194
165 149
86 174
200 74
166 128
151 103
24 67
116 153
115 152
56 119
136 157
69 193
133 63
23 94
27 131
185 111
129 14
152 48
36 72
140 179
198 110
70 18
192 68
102 162
188 80
69 129
137 138
20 181
156 34
124 1
21 24
177 114
78 72
4 80
81 103
176 8
29 93
162 166
43 157
79 60
85 46
115 137
143 8
186 144
98 150
104 16
190 18
61 35
155 110
20 106
90 28
31 72
168 147
167 154
109 140
198 65
190 99
36 124
110 11
128 64
77 180
121 178
77 188
177 81
87 81
5 89
97 107
187 56
53 67
64 57
159 45
158 159
3 176
119 21
153 84
108 23
174 46
73 193
45 185
143 156
38 11
7 112
128 176
99 161
4 106
99 156
129 140
77 24
22 45
155 37
64 188
81 37
77 185
139 63
114 61
67 12
52 173
176 14
112 2
169 150
132 73
177 40
176 144
3 177
24 45
153 7
188 52
31 127
87 85
48 133
137 151
174 29
65 56
134 155
133 64
114 129
192 200
86 60
93 152
9 115
81 168
176 168
39 137
193 188
182 120
99 110
125 32
98 3
53 86
31 116
54 146
120 187
173 191
48 2
152 25
154 130
142 150
168 95
97 134
93 3
167 113
131 38
66 135
35 100
137 107
42 31
188 12
139 51
160 83
120 25
132 90
199 23
37 124
80 139
133 86
171 176
195 52
55 97
99 42
9 190
47 94
5 150
65 8
132 166
9 72
103 80
103 72
110 145
16 176
85 61
8 171
113 56
147 32
79 109
129 144
49 74
98 112
141 23
197 177
30 39
123 142
153 86
192 12
138 64
163 41
84 67
73 126
46 144
48 134
28 123
168 110
180 64
38 163
107 113
117 164
179 183
60 15
175 35
119 176
174 180
60 99
197 83
192 149
174 192
11 93
169 178
36 48
87 26
124 53
150 188
128 52
33 92
32 53
119 28
186 127
116 72
59 163
48 3
153 32
75 173
106 152
149 19
138 66
13 134
148 95
18 192
90 94
122 56
170 163
187 102
178 134
151 115
95 196
114 19
17 182
116 123
27 89
113 160
189 84
9 141
130 133
53 90
33 126
181 3
130 24
110 93
105 110
97 114
83 116
173 106
2 35
156 60
146 109
150 105
15 178
1 197
45 4
138 121
94 150
5 158
54 118
50 185
50 2
127 16
39 120
83 85
142 46
148 97
31 148
157 179
20 190
50 191
101 188
144 52
8 164
177 124
171 19
37 148
195 54
107 27
69 90
68 165
120 104
46 126
32 148
185 59
30 93
190 139
183 17
18 160
53 57
152 42
145 88
186 57
161 41
59 78
112 87
154 42
12 158
44 123
124 38
197 36
66 153
122 59
84 44
178 145
65 2
31 185
87 39
35 8
106 38
154 104
76 43
38 176
40 60
2 5
145 43
55 26
64 7
44 55
70 52
93 105
2 189
56 29
164 57
120 48
39 164
171 130
99 127
22 55
189 86
80 60
58 143
170 106
8 188
71 16
149 75
39 58
97 95
65 148
145 170
25 125
170 41
144 73
98 25
196 103
14 92
195 182
11 165
109 31
43 191
62 44
89 102
75 8
93 174
152 85
9 161
55 181
84 4
147 151
168 31
191 20
198 163
61 20
140 124
80 159
159 140
200 120
112 36
50 10
145 64
193 132
103 105
119 167
11 157
170 142
199 131
183 59
67 187
67 136
21 15
145 31
175 113
167 36
77 181
71 180
130 84
5 24
58 149
108 81
54 165
72 66
15 192
86 166
148 166
125 80
189 167
102 142
1 127
7 79
10 166
26 133
160 23
84 169
69 52
180 66
28 86
77 158
47 145
116 115
49 31
141 142
126 83
147 108
187 39
157 61
12 148
176 164
40 140
6 178
131 124
44 58
129 183
121 26
191 124
165 100
83 143
137 63
38 150
182 105
178 1
162 119
175 148
161 83
17 200
99 74
70 32
183 142
126 72
89 105
142 195
162 9
52 21
32 93
127 89
152 111
168 21
148 29
22 102
4 85
133 114
49 160
78 153
167 184
87 22
136 83
58 28
118 139
181 137
159 18
60 108
3 119
29 130
91 191
7 2
24 6
136 19
60 119
65 129
166 53
189 164
168 185
135 3
81 154
150 14
119 156
120 142
52 91
119 79
142 53
10 3
145 121
175 200
132 43
146 132
124 116
52 60
22 89
53 186
49 108
151 156
121 6
114 131
154 95
83 158
71 92
146 113
138 135
90 95
199 54
88 24
59 125
83 164
13 50
141 63
9 93
160 4
48 192
43 56
21 129
154 192
111 161
142 86
37 163
26 79
26 21
54 143
181 136
29 146
21 59
59 5
120 43
131 31
98 133
50 97
45 47
96 10
171 6
55 19
24 13
21 10
8 60
168 188
104 49
92 127
109 196
104 100
42 65
84 168
102 124
7 146
160 39
195 20
22 169
13 2
171 173
38 22
164 165
113 83
192 94
129 101
77 11
141 123
34 44
138 1
197 48
142 17
152 90
153 56
6 31
25 96
102 34
131 195
37 27
124 32
183 147
87 146
12 18
34 198
149 95
135 39
169 66
91 34
40 193
65 186
39 80
51 56
17 126
6 154
6 25
72 56
160 9
31 179
191 164
40 180
13 199
65 124
76 1
50 73
195 14
13 131
47 125
121 119
72 114
55 65
13 65
56 108
9 79
68 65
88 128
83 184
27 147
174 123
53 99
16 171
32 182
18 182
10 180
6 106
191 197
126 97
23 158
43 147
106 123
17 84
98 5
34 101
59 131
25 29
148 107
193 57
148 188
147 100
123 104
149 77
96 81
4 122
7 40
27 129
81 118
47 129
53 138
104 1
154 63
196 152
11 80
128 102
135 58
182 110
6 41
146 167
186 153
194 190
23 116
196 47
168 114
47 174
156 120
150 173
141 178
193 61
37 63
89 112
164 23
77 153
13 82
42 63
139 12
46 24
9 42
171 117
200 176
144 177
83 156
192 31
147 22
111 89
35 14
157 9
67 13
119 84
22 111
188 86
83 52
188 13
95 137
102 15
170 35
190 38
6 61
120 141
52 104
18 123
169 52
80 127
68 175
10 175
155 12
25 178
76 93
80 160
95 102
29 88
113 165
24 120
26 181
40 113
112 57
197 25
195 167
165 153
91 25
176 167
20 53
124 184
151 34
75 71
174 79
71 74
141 104
128 192
116 192
131 46
171 162
109 197
65 165
6 90
85 120
167 25
179 1
182 181
89 141
112 64
109 88
83 39
40 167
180 135
79 103
34 50
6 136
149 11
28 152
47 69
88 167
20 103
78 104
163 50
48 44
190 58
150 177
61 198
30 139
79 105
2 196
196 130
186 104
195 108
81 184
24 14
2 103
31 123
197 46
96 137
182 102
8 131
155 112
74 44
62 37
20 19
99 1
24 163
85 95
73 41
128 5
16 175
85 5
182 113
160 132
81 83
19 86
186 55
144 75
170 195
194 100
34 107
184 164
146 77
193 46
142 193
105 129
108 97
150 33
69 76
167 83
11 27
148 13
192 38
100 159
23 68
30 92
40 200
136 131
86 127
38 59
111 98
8 157
186 14
52 100
120 161
159 177
183 101
165 142
37 188
25 174
134 65
93 24
176 92
31 21
93 102
178 93
90 129
166 170
121 73
87 15
28 80
58 53
77 151
56 182
20 21
150 88
4 187
33 198
80 51
186 75
76 81
180 3
83 103
164 122
77 165
42 116
44 116
84 68
55 4
126 94
148 14
40 52
22 91
181 43
147 26
189 102
128 143
117 139
130 23
137 198
110 92
41 196
77 117
189 142
100 124
60 106
117 29
164 65
73 196
165 111
4 2
192 146
86 1
122 93
79 187
68 177
36 11
106 98
113 53
100 10
138 118
191 83
115 103
34 171
183 199
198 166
139 29
162 190
71 21
59 153
18 148
74 159
63 106
195 177
50 178
139 44
121 27
103 160
99 32
72 161
143 4
139 101
150 159
95 60
171 146
39 70
190 115
68 190
52 1
130 194
131 64
10 149
152 6
183 22
84 28
130 166
197 159
73 67
27 4
72 125
103 12
42 198
69 25
63 43
53 52
1 9
142 15
89 82
11 147
140 135
45 107
152 173
115 139
155 162
40 51
6 130
148 68
134 41
71 70
122 54
84 23
110 13
98 117
176 70
191 75
137 100
56 129
143 130
154 119
44 194
150 22
120 44
73 87
54 27
39 67
184 149
28 108
50 195
112 76
110 196
157 175
46 92
77 22
109 108
128 23
93 106
88 69
60 62
