1000 4000
440 498
898 784
245 813
263 543
427 930
525 165
616 931
587 640
799 900
700 486
174 107
591 692
321 854
727 282
627 970
752 114
128 196
401 776
191 933
435 685
707 90
383 749
724 29
166 205
681 815
868 480
672 293
218 209
410 683
582 739
817 717
500 750
401 524
80 849
853 763
776 235
533 731
368 812
763 436
178 337
98 864
821 491
13 927
43 953
646 825
433 860
558 811
64 242
647 586
362 314
660 814
740 710
969 488
801 41
522 136
155 368
164 94
151 461
726 339
60 948
567 611
516 718
491 804
265 181
205 875
501 247
744 737
357 141
530 890
332 394
997 752
712 647
946 943
277 99
44 2
836 732
166 265
395 651
463 891
6 171
370 273
582 491
938 325
236 73
185 357
938 89
386 549
539 535
462 240
447 881
904 528
520 360
888 902
962 262
524 906
267 834
388 56
515 652
779 509
563 570
356 196
927 614
88 432
405 413
687 206
735 45
944 670
838 402
633 526
437 420
925 324
106 806
459 888
41 102
509 362
104 210
919 610
931 720
708 946
156 673
547 450
46 598
506 320
94 944
753 33
368 259
122 263
658 739
734 825
727 982
72 100
202 86
202 687
914 425
53 279
719 727
921 973
112 312
637 514
171 587
52 208
632 181
774 478
138 301
320 314
969 194
113 74
779 807
988 410
166 11
133 258
96 1000
641 167
492 722
83 425
528 449
788 728
432 850
742 368
839 176
276 190
990 409
984 782
332 499
510 650
305 27
161 349
369 933
492 813
575 132
297 370
204 162
674 160
302 199
90 969
130 63
614 681
844 63
736 858
941 801
456 170
277 289
554 661
697 983
214 85
576 610
433 803
815 874
873 963
102 424
88 961
461 676
299 405
410 355
127 79
260 870
968 624
359 874
931 944
319 623
499 546
540 989
350 322
557 249
3 484
22 988
206 662
358 746
250 372
397 253
616 361
524 378
640 555
151 131
115 586
549 340
990 149
340 870
607 663
202 468
134 964
577 620
119 34
426 18
338 980
341 489
364 763
544 512
519 397
587 668
131 617
782 640
286 240
676 618
470 705
101 225
791 531
614 314
703 675
348 255
387 19
607 561
239 481
711 975
104 475
924 364
209 710
490 40
939 554
76 362
905 466
184 730
951 206
305 329
38 827
886 234
176 670
387 733
808 855
992 986
351 6
750 361
780 174
222 76
452 216
898 1000
582 105
956 711
42 901
151 191
410 372
877 747
434 503
703 34
343 365
933 279
665 96
981 66
480 962
608 299
283 743
326 193
876 921
504 409
950 416
983 690
304 833
240 602
847 481
404 258
820 630
660 104
906 741
860 154
146 667
354 275
843 42
374 370
861 356
492 583
9 444
958 883
409 372
971 625
50 957
165 966
916 411
875 226
387 829
958 564
821 521
244 586
495 410
883 722
319 989
160 505
9 568
561 92
620 792
142 655
636 672
494 485
13 609
857 926
874 139
176 501
748 400
140 829
555 537
521 210
732 543
328 964
193 262
607 905
32 538
906 546
145 762
723 905
195 266
467 2
586 338
741 435
376 816
985 618
295 501
787 558
286 880
395 265
257 888
236 175
945 695
492 171
76 749
14 84
249 564
141 765
195 987
209 102
355 927
796 582
936 772
6 255
870 2
336 229
350 704
921 22
860 989
209 415
878 549
356 645
666 827
894 44
827 536
465 505
539 526
671 364
655 210
332 558
76 53
705 190
72 853
457 829
483 785
442 182
953 468
567 976
641 518
319 182
60 325
721 911
984 51
784 625
581 65
746 488
199 317
634 1
480 371
973 248
723 89
655 387
657 202
293 232
68 242
587 38
926 586
516 853
952 579
390 40
797 980
58 832
237 219
835 28
81 186
922 194
691 551
392 966
300 837
7 333
550 744
448 988
909 441
721 130
905 827
819 301
338 986
907 142
893 323
594 155
837 114
88 849
702 456
272 868
143 851
13 963
388 909
229 922
948 901
531 805
510 153
482 115
193 506
759 737
572 337
779 778
163 864
580 659
274 735
995 56
401 112
441 575
589 764
836 245
433 872
471 210
637 558
865 204
303 354
908 700
379 106
835 814
925 34
837 338
129 956
336 511
243 879
248 384
863 475
752 881
209 145
394 939
357 679
535 306
564 733
476 881
128 617
785 690
445 113
627 864
190 328
152 230
791 801
221 373
621 350
41 265
572 406
481 854
946 797
135 176
823 239
414 896
331 999
228 352
496 481
45 480
584 704
374 224
118 917
975 289
979 837
341 352
274 229
242 81
885 833
388 582
882 855
501 125
206 520
345 262
305 408
514 698
643 573
13 520
254 659
952 648
757 525
870 610
517 82
512 14
854 349
93 310
495 959
343 714
673 589
893 394
552 56
785 291
899 67
160 161
177 848
424 726
476 143
426 22
958 318
459 309
738 546
129 160
369 317
375 575
356 755
206 243
371 475
937 301
90 958
982 205
823 694
490 570
360 562
382 89
707 187
576 892
626 267
453 948
165 85
862 386
581 709
199 814
348 609
379 34
155 661
723 727
79 802
76 990
339 791
690 827
327 825
683 950
810 995
99 507
496 811
892 590
377 283
363 632
521 289
846 63
237 227
708 816
784 163
937 562
43 982
883 766
834 260
931 940
784 855
179 684
930 435
387 396
478 446
767 736
385 240
401 225
683 352
338 578
732 162
658 627
807 427
67 954
697 412
798 581
244 610
885 342
985 284
93 778
320 312
60 679
884 76
437 624
41 370
93 133
670 573
650 293
667 559
931 952
838 89
90 860
94 666
486 360
136 78
587 477
41 134
467 532
417 301
675 628
63 257
531 619
296 560
152 433
365 950
739 838
632 992
941 29
435 69
327 633
808 928
270 999
484 304
793 882
836 311
161 872
706 629
289 187
265 680
232 685
345 314
334 207
909 712
813 605
575 505
835 69
381 335
377 614
193 357
419 829
446 392
273 257
128 742
80 5
181 878
786 454
753 506
138 168
949 730
497 372
25 300
513 596
187 190
966 360
418 968
306 991
6 721
715 948
690 494
696 257
604 491
538 909
439 521
150 345
487 417
111 377
497 424
943 154
511 774
925 39
110 951
993 499
727 364
519 377
957 422
9 142
45 247
39 985
957 493
947 879
712 37
102 936
907 484
783 700
592 762
971 219
924 264
596 4
272 280
46 242
697 706
967 874
971 263
672 384
562 701
686 426
264 742
245 628
377 728
772 207
623 216
647 235
217 2
810 667
760 317
986 504
882 165
597 684
798 49
642 573
214 560
99 157
237 577
642 298
227 47
725 663
747 589
328 186
50 402
907 170
762 214
354 392
686 258
3 818
900 503
988 784
576 627
499 761
179 475
724 59
984 971
536 72
62 728
212 937
187 843
739 707
301 601
497 401
485 86
369 537
599 916
574 14
12 602
776 440
90 263
252 287
376 670
177 453
621 866
329 118
96 842
735 989
853 999
87 289
860 390
955 119
175 967
93 27
592 322
398 913
424 655
311 624
337 956
699 840
427 631
535 127
947 59
901 242
350 818
126 83
595 552
101 857
857 730
64 352
88 768
411 414
86 258
318 978
1000 280
230 286
438 37
516 124
613 294
823 209
175 361
943 73
677 594
224 59
830 664
839 285
974 58
440 692
437 569
15 524
704 736
976 856
564 493
784 38
670 487
665 147
162 818
195 815
295 179
820 48
231 622
592 885
429 454
687 15
290 975
476 700
990 57
221 632
669 796
681 563
399 718
168 830
603 274
869 132
842 610
462 166
150 848
331 979
334 358
933 161
911 755
98 211
603 616
329 711
569 135
376 156
782 210
652 546
239 702
279 112
914 832
802 766
630 975
888 159
273 310
536 429
18 78
611 28
491 429
740 207
35 88
866 42
505 324
15 100
267 965
66 107
312 430
570 221
669 28
924 781
534 993
433 631
785 2
70 388
804 150
789 625
977 211
732 813
335 819
200 738
36 629
574 917
214 421
930 968
107 231
140 95
835 478
860 791
897 75
625 980
508 107
363 420
231 572
858 519
545 909
979 888
292 295
699 255
170 960
222 610
686 987
750 663
249 347
693 6
325 140
372 561
821 283
505 189
121 133
25 571
451 771
31 707
489 935
911 654
392 841
948 359
668 366
933 697
557 340
608 66
850 923
966 168
310 296
714 806
126 172
444 836
63 832
309 613
239 697
252 548
689 651
81 637
153 612
940 69
745 79
975 269
435 641
239 991
511 678
127 323
448 753
902 696
842 409
96 285
356 367
841 385
823 367
422 629
943 111
597 172
249 77
491 179
245 152
101 239
913 352
711 558
990 84
766 49
701 709
3 672
858 376
879 630
509 357
603 284
546 390
311 911
962 736
180 627
651 956
539 133
957 630
260 95
981 310
9 832
968 987
967 791
640 763
415 380
81 322
171 115
64 707
226 351
395 709
225 192
619 911
38 217
396 284
874 517
70 408
586 766
259 706
106 323
481 281
164 586
144 222
729 94
420 499
841 106
816 784
743 640
485 827
504 207
570 239
539 735
134 788
707 392
470 576
904 323
834 694
329 514
905 234
837 275
518 739
55 76
454 481
184 720
359 151
657 87
61 842
76 932
852 411
97 479
525 604
189 781
210 531
439 94
308 371
813 746
76 396
572 227
646 691
729 495
541 168
750 730
975 739
904 17
480 754
937 689
675 67
997 329
199 334
974 649
124 412
680 738
391 954
550 415
56 573
764 666
410 178
991 405
247 342
146 39
856 809
860 573
500 505
563 239
468 662
368 889
951 902
162 619
336 413
597 386
679 551
878 575
421 498
541 767
641 828
630 189
390 82
953 573
908 725
328 425
762 88
8 917
216 152
687 901
364 288
776 780
836 313
861 207
110 459
513 866
748 141
885 797
77 598
754 23
133 800
934 440
905 203
234 227
175 237
386 235
507 611
604 123
177 815
707 185
89 410
973 138
987 990
144 336
484 896
257 146
740 65
227 479
799 611
341 701
911 999
94 413
373 929
50 835
679 277
616 774
49 712
943 414
605 849
342 417
761 30
908 55
621 127
258 375
423 934
573 614
336 45
349 367
148 303
535 225
649 185
987 878
759 746
395 912
677 957
119 793
632 570
604 757
995 852
277 605
836 808
131 632
189 749
390 171
597 312
936 494
722 292
424 44
66 905
254 244
109 322
817 359
402 602
698 146
412 376
740 284
174 886
168 808
38 249
163 37
65 49
581 731
858 615
735 457
894 600
401 409
631 714
482 146
953 728
995 8
747 99
307 170
651 835
789 591
279 449
312 321
471 124
251 918
349 437
929 946
248 255
668 800
803 670
860 332
746 64
752 20
205 688
838 660
559 339
54 816
136 18
189 518
316 661
181 927
813 306
220 977
209 313
839 198
14 493
405 230
819 244
683 749
319 73
399 791
268 97
974 712
661 393
847 263
677 301
59 522
198 37
24 659
936 231
655 776
480 252
271 296
788 415
950 653
948 451
257 242
228 823
514 895
735 774
41 331
210 201
26 354
776 710
960 741
667 480
806 97
244 779
315 128
849 242
171 80
283 286
883 333
966 248
594 374
65 129
232 642
148 31
676 967
152 670
852 612
718 549
938 116
180 674
99 462
773 904
418 270
840 306
953 23
85 119
84 550
581 251
303 980
56 797
257 529
724 302
482 942
648 178
988 304
886 177
913 96
213 352
463 504
342 913
269 195
808 212
468 451
954 356
66 750
667 169
350 163
807 483
433 179
488 16
196 797
644 290
197 30
535 348
328 141
132 244
279 256
546 540
100 181
921 298
403 559
462 297
17 716
531 465
962 758
162 51
43 960
132 431
812 167
933 742
605 897
954 93
27 105
102 406
752 554
863 143
848 288
175 594
532 201
169 336
527 919
70 728
456 488
803 541
928 611
110 98
250 395
212 516
935 870
326 922
423 745
569 751
685 140
66 472
649 284
290 375
595 407
933 255
961 314
875 119
219 373
16 265
755 901
49 347
909 187
446 290
611 632
223 148
285 739
264 289
922 945
266 491
527 519
594 826
335 19
588 437
475 36
136 565
14 218
537 428
536 799
969 835
699 116
106 616
414 865
666 250
596 61
960 281
643 945
720 399
64 323
763 286
939 72
284 586
122 791
828 612
362 839
229 648
770 238
78 952
292 185
502 826
119 144
313 359
210 762
809 698
331 90
796 968
305 847
603 181
379 705
153 772
883 831
386 588
613 181
574 467
590 260
327 753
142 350
343 354
452 440
188 215
27 322
665 304
723 615
562 470
287 684
819 794
548 692
430 277
716 269
610 990
435 538
26 32
518 476
147 909
546 840
9 205
743 163
923 631
795 521
959 838
551 96
212 579
759 726
180 103
275 965
780 865
404 362
810 931
304 956
902 686
621 213
254 688
775 896
703 799
576 602
922 933
81 946
797 47
874 629
280 222
186 873
253 950
530 963
220 983
761 870
860 359
758 200
734 453
121 947
714 176
574 784
903 673
987 883
117 130
200 488
205 552
49 739
780 620
296 461
125 987
352 933
352 620
995 832
86 51
483 880
245 644
750 884
687 239
585 193
790 778
999 781
257 779
168 447
689 767
641 871
722 8
743 504
788 176
318 534
777 801
266 402
163 602
518 610
383 78
393 806
517 954
488 376
567 355
547 25
884 796
956 94
534 374
803 582
656 750
670 118
101 787
576 359
913 964
747 560
431 902
131 291
74 640
834 531
92 495
898 639
850 629
85 926
416 682
606 808
521 79
946 787
180 858
226 738
517 158
757 225
598 691
724 858
315 832
159 896
619 182
631 597
648 703
325 49
547 794
427 460
28 917
995 138
965 630
729 667
576 131
321 983
978 687
299 357
174 541
537 510
763 164
864 346
919 971
427 41
438 835
745 459
898 34
616 155
235 483
302 415
269 343
667 105
995 402
186 279
662 794
996 804
966 955
414 476
880 902
594 365
925 198
242 368
932 215
564 213
596 563
865 391
354 771
475 752
399 609
920 756
867 634
517 599
500 834
803 716
329 481
482 379
803 388
8 260
548 80
483 782
43 143
166 907
878 976
272 351
237 560
959 120
34 108
463 845
257 936
639 206
202 329
678 789
517 361
82 987
226 912
160 819
161 364
618 758
461 718
20 933
76 105
181 325
434 932
783 799
703 146
762 95
316 353
259 129
674 772
189 225
214 257
718 116
250 883
202 847
266 812
378 928
581 444
857 340
557 64
214 272
773 498
230 676
840 480
67 19
769 743
441 824
77 54
75 882
41 672
988 214
783 982
412 173
97 270
390 270
196 889
341 606
801 283
151 999
244 627
580 176
500 40
30 646
335 631
980 92
971 843
622 413
960 841
512 771
175 920
259 235
99 180
574 908
825 935
213 624
449 605
604 590
768 67
225 571
462 708
8 485
179 650
333 515
194 894
399 93
565 368
21 373
963 102
153 51
584 26
679 630
831 113
273 510
677 871
371 491
884 396
562 568
508 485
922 105
338 536
121 772
225 230
314 836
444 212
147 673
524 269
394 610
219 742
48 454
533 138
895 319
980 195
874 612
501 882
774 284
696 54
54 709
311 764
852 791
145 454
450 179
790 521
778 674
893 974
722 206
846 194
300 978
83 996
5 654
409 517
847 671
27 624
904 69
186 866
426 422
626 166
787 738
233 774
831 447
590 181
411 814
331 7
167 411
477 83
843 496
182 204
681 396
542 314
701 284
415 74
907 927
399 76
710 287
406 165
131 69
496 624
564 592
902 187
156 575
402 126
103 707
475 900
391 110
906 81
808 52
766 568
244 523
930 301
600 525
564 971
833 196
253 458
953 121
681 981
5 441
49 191
330 620
645 701
674 974
236 774
913 335
209 166
464 439
636 350
663 920
668 608
670 1000
955 726
684 246
989 279
528 999
564 730
896 336
754 844
801 671
102 131
33 361
920 328
671 920
890 122
938 703
380 633
955 168
149 362
186 78
352 611
621 251
43 589
2 718
566 707
623 393
530 784
513 624
274 155
49 230
15 907
289 874
66 745
578 904
835 192
218 994
499 149
255 218
540 2
677 399
548 808
570 853
994 252
26 885
854 387
858 644
289 387
409 195
793 782
7 925
467 932
869 637
363 703
480 934
56 596
777 774
871 808
649 276
426 945
574 168
441 407
438 456
944 631
817 195
334 724
288 467
951 187
552 914
77 725
425 450
551 387
988 5
406 504
444 405
209 167
486 764
23 236
206 974
163 101
864 170
165 691
46 279
648 454
13 1000
981 308
296 833
935 782
822 20
732 838
121 498
179 108
419 230
791 538
657 522
83 651
727 180
462 943
482 627
370 122
322 333
616 186
378 163
71 579
620 512
128 890
419 327
626 853
360 388
136 617
366 440
795 523
410 50
108 882
379 291
383 468
880 619
726 733
33 539
776 966
553 940
576 882
659 182
291 374
623 326
654 416
984 84
342 351
747 373
687 50
93 569
406 661
414 828
260 962
702 74
819 522
617 528
763 177
739 867
372 535
848 397
146 520
240 824
720 159
400 506
485 128
564 273
612 760
980 196
367 529
905 897
925 217
637 267
77 276
134 703
515 92
7 220
613 155
944 47
878 362
858 571
495 941
304 731
625 717
962 226
401 730
237 152
769 411
269 912
611 824
899 525
824 689
397 679
261 187
980 155
721 766
439 458
409 451
408 786
525 371
73 684
920 501
374 999
980 855
992 985
161 605
666 684
854 864
645 926
498 122
313 566
102 567
289 820
624 764
547 798
843 453
353 604
684 419
70 614
141 690
118 773
223 542
645 48
612 41
706 375
936 109
986 713
833 351
382 77
240 124
970 641
563 586
171 285
656 702
156 187
787 448
785 328
1000 702
625 1000
561 539
861 709
389 934
119 46
673 95
520 415
61 917
504 707
124 283
223 290
3 208
542 927
407 53
957 468
397 291
972 437
613 566
722 874
877 27
910 30
340 169
333 785
592 669
556 901
417 945
534 450
93 436
214 55
443 817
431 778
22 654
631 774
138 220
228 84
619 457
637 144
500 331
279 903
44 47
109 645
785 868
457 860
500 526
240 810
290 445
829 606
185 280
125 941
955 489
645 817
41 933
654 884
776 730
646 252
328 858
725 876
26 236
673 882
999 257
763 445
295 31
600 69
900 796
554 382
339 255
569 816
769 806
394 763
742 905
547 80
59 51
544 48
390 124
191 142
569 51
4 231
760 60
23 46
884 970
598 58
16 287
922 91
633 67
368 307
925 788
926 399
558 715
284 128
581 497
349 533
393 969
265 451
938 408
206 184
559 711
514 445
166 246
956 919
668 348
166 59
808 699
553 991
845 78
241 602
755 211
811 213
855 713
923 406
39 342
84 895
46 70
138 537
423 685
251 838
110 922
454 578
823 351
28 398
646 511
290 470
523 15
572 606
543 625
434 413
221 518
418 357
174 236
882 840
873 44
715 657
399 700
979 438
357 846
777 931
389 524
884 245
946 545
953 400
250 689
335 804
599 985
802 513
470 540
739 378
56 657
582 447
178 237
564 228
751 676
56 668
204 769
52 961
542 329
604 552
968 529
236 927
239 181
653 72
169 454
277 689
963 749
417 546
293 727
111 555
299 726
947 449
927 37
404 163
278 787
502 280
897 409
829 144
162 935
219 508
207 591
646 829
40 431
111 558
792 5
599 38
246 270
364 881
94 261
127 914
578 227
954 73
437 234
883 833
340 466
577 61
221 702
570 367
187 711
886 350
929 546
86 315
792 972
44 338
947 514
985 792
317 850
594 681
192 551
244 391
699 385
629 737
554 682
354 390
756 482
288 59
159 466
709 37
91 889
557 957
429 10
322 891
823 747
384 122
968 545
839 226
119 693
107 308
253 564
880 498
551 531
195 84
141 522
682 873
247 466
297 645
187 103
59 819
877 899
615 679
776 44
670 765
433 780
572 310
64 523
609 809
830 534
810 92
735 112
298 505
320 541
490 69
571 289
695 703
715 177
904 901
829 515
818 448
425 430
411 46
440 875
579 956
305 60
667 13
7 273
926 634
322 340
186 665
633 202
308 181
25 345
200 601
544 67
444 733
834 814
841 585
534 75
406 86
140 565
626 45
226 684
15 974
217 481
266 636
131 619
554 410
946 56
776 861
540 448
785 91
352 496
905 759
206 720
285 864
953 398
876 650
861 664
92 255
926 975
439 946
524 457
666 63
75 853
639 48
156 12
624 431
477 170
16 547
989 469
815 799
934 558
587 173
763 223
318 218
241 329
973 774
456 326
457 171
510 706
868 898
952 999
248 962
257 181
228 433
869 597
249 896
645 761
282 811
709 640
218 2
37 282
346 767
315 903
593 334
857 779
455 667
645 571
776 826
773 923
809 399
854 458
232 711
182 520
26 820
692 283
405 508
19 69
209 775
210 11
437 560
866 387
832 667
785 264
710 147
382 294
430 601
452 779
194 155
47 361
102 81
551 944
608 305
209 720
836 278
687 386
395 953
451 938
635 851
999 628
510 443
270 954
463 341
747 802
19 29
69 73
997 117
204 433
513 357
454 28
201 895
872 277
327 511
855 107
702 811
995 229
585 620
450 332
985 58
402 284
43 25
406 713
402 90
646 573
755 15
434 555
982 388
466 450
546 122
651 831
73 780
558 649
299 976
762 620
777 333
661 499
55 726
543 604
208 805
951 204
926 23
652 626
561 658
750 186
817 564
739 317
995 632
549 486
968 200
875 778
320 888
342 236
297 606
294 333
512 705
270 182
568 513
442 333
22 745
583 281
361 504
345 34
913 882
910 353
863 370
288 530
802 585
843 799
466 29
801 754
613 875
833 377
178 12
966 534
152 834
402 48
849 504
27 719
479 684
659 879
207 956
326 367
110 427
139 9
710 249
535 985
14 40
949 676
206 432
212 851
442 246
221 316
406 13
669 374
548 836
894 708
176 819
143 543
836 557
786 201
632 413
293 412
420 568
3 981
54 81
1000 672
86 446
635 426
612 372
481 267
175 772
789 501
899 209
720 80
277 260
916 226
285 556
202 685
740 463
459 211
78 654
975 153
980 39
814 240
497 812
6 929
621 570
599 932
458 767
867 765
431 959
238 453
179 604
716 719
84 375
861 298
588 237
610 213
725 768
507 131
546 454
112 161
349 948
653 693
889 526
222 152
999 221
41 763
275 376
619 696
769 590
828 191
844 309
209 537
623 520
43 991
698 313
995 26
26 264
363 491
181 909
252 557
386 751
192 555
987 578
19 63
312 38
58 856
63 737
900 576
681 322
327 225
343 290
179 855
521 517
216 49
276 729
251 66
699 396
135 743
182 809
358 533
433 287
330 273
413 780
643 547
609 338
842 755
325 179
519 242
906 347
777 105
67 189
341 527
750 143
894 756
182 559
400 84
58 548
498 437
15 88
224 433
818 879
650 19
942 666
195 50
459 32
690 412
404 885
473 555
52 120
68 539
760 208
242 961
314 670
494 361
944 700
258 981
424 390
392 969
944 325
716 404
656 496
678 740
88 801
426 532
823 595
838 554
143 25
307 672
531 146
329 71
227 46
188 704
246 462
285 74
534 621
919 698
181 297
540 874
872 315
806 603
983 978
960 777
11 171
346 994
242 106
94 610
845 949
283 883
806 824
127 319
370 912
970 590
919 640
155 615
465 191
48 681
156 817
771 700
497 699
439 967
184 323
955 38
733 619
644 561
329 345
290 202
560 444
362 2
957 366
480 779
526 587
416 444
668 804
182 330
188 550
993 898
298 210
158 427
777 659
197 549
743 36
728 741
668 354
917 125
588 959
548 197
669 51
1000 333
548 768
686 191
124 558
743 358
725 820
26 868
818 63
698 424
679 49
972 466
709 671
785 414
305 542
473 718
462 521
720 559
529 683
353 322
795 446
755 187
813 849
961 466
649 213
731 526
472 674
130 423
154 314
444 588
807 880
445 204
423 326
323 96
48 660
830 277
149 828
418 486
110 630
444 341
16 885
705 964
158 346
889 175
923 93
700 635
994 379
733 535
27 186
385 684
244 951
343 127
584 208
455 625
368 139
31 632
619 242
862 610
479 637
514 800
393 706
686 806
969 84
685 604
699 211
310 829
957 950
697 457
952 983
913 238
544 992
359 489
110 841
269 102
878 260
848 892
392 745
865 619
41 681
725 322
818 902
329 801
735 192
273 369
559 438
168 227
143 80
96 628
821 846
503 70
313 559
201 691
28 856
718 497
357 615
717 151
502 639
825 351
32 480
161 750
925 756
484 398
175 590
136 940
244 10
202 62
907 428
556 917
293 567
715 501
162 423
682 238
718 144
179 242
513 922
971 986
216 258
175 386
324 217
741 503
88 530
530 372
209 638
644 684
107 65
948 300
799 704
950 838
692 886
451 821
831 344
653 105
402 429
635 590
541 176
377 437
734 107
742 276
374 845
105 147
244 931
536 143
7 430
714 14
969 197
999 185
682 911
324 953
172 232
837 827
851 697
462 249
392 208
798 191
136 221
35 348
808 10
802 920
602 589
119 219
922 177
885 571
339 300
556 272
543 896
955 558
359 27
368 839
96 65
361 673
806 454
981 222
229 413
271 162
476 185
263 298
750 691
871 356
651 708
372 689
861 914
365 883
248 426
418 497
711 676
795 423
275 746
942 594
267 518
673 37
602 238
196 486
483 371
426 60
50 846
248 727
648 544
781 172
892 903
931 804
169 277
11 817
373 181
8 966
940 359
31 782
924 410
977 612
720 341
541 939
116 795
354 320
588 921
294 558
19 129
277 979
257 216
60 900
180 588
869 667
206 580
890 868
403 85
917 577
626 999
710 730
358 196
861 22
171 38
207 893
984 637
97 496
531 359
46 745
722 312
593 792
810 791
387 563
544 919
817 192
720 974
720 477
810 121
975 712
588 558
14 500
924 278
568 415
171 967
172 618
813 741
251 783
293 726
805 949
211 710
17 152
283 347
314 953
762 654
683 211
230 783
290 719
928 296
696 562
58 442
219 300
718 153
243 343
400 759
507 122
220 645
687 915
296 340
810 447
957 769
298 607
695 659
685 906
41 325
313 528
776 325
546 88
157 716
298 444
79 905
934 196
342 304
824 706
447 314
107 763
589 328
463 253
781 770
931 431
259 388
83 672
613 298
88 794
302 492
471 321
480 818
606 300
299 657
254 514
123 774
681 222
309 88
146 768
491 341
833 681
531 902
493 115
558 186
362 745
778 428
146 477
957 795
118 578
768 63
631 96
418 361
585 659
218 692
647 37
30 238
280 59
760 670
863 747
307 951
461 787
664 366
35 678
66 771
146 191
377 274
436 972
126 861
452 426
870 679
592 210
807 969
235 982
801 890
337 222
255 697
55 277
491 38
180 959
569 325
444 314
710 431
979 431
746 198
492 390
275 473
935 704
433 681
740 883
465 148
890 959
503 671
394 92
245 66
948 617
429 673
843 137
301 66
399 524
479 436
493 933
893 393
959 199
724 161
916 212
512 422
324 144
854 258
306 620
362 961
37 217
811 674
252 869
640 102
661 70
823 955
638 645
274 643
697 839
962 434
659 79
269 727
814 983
196 769
735 127
470 589
86 826
659 732
168 852
560 652
607 585
425 868
880 330
820 248
573 783
153 28
573 879
184 427
593 514
48 961
706 858
602 828
826 270
131 963
280 20
718 620
921 328
824 603
437 435
864 493
776 703
846 491
876 971
355 724
102 658
424 131
74 339
112 297
806 785
810 817
324 701
586 90
186 641
119 604
584 841
999 122
934 949
473 335
143 894
896 867
958 363
464 735
88 644
10 620
6 792
919 564
601 380
443 941
119 292
989 833
48 318
151 145
878 514
545 86
900 579
751 869
478 719
886 740
453 739
634 692
608 353
758 487
365 933
395 820
140 191
693 766
9 527
569 837
640 28
652 288
630 347
690 510
686 953
986 630
325 481
649 670
996 170
705 888
825 626
377 140
372 386
65 394
100 19
834 738
458 764
461 498
766 911
312 334
306 437
639 405
313 616
47 978
760 585
217 83
140 117
152 78
643 68
518 227
407 238
854 655
771 635
716 292
695 372
45 652
767 682
297 581
480 782
152 304
689 581
829 403
424 453
312 576
481 568
45 286
470 515
863 661
223 194
243 258
757 224
143 540
198 337
991 190
343 507
613 605
780 783
152 198
744 72
276 345
121 358
215 111
281 74
425 93
658 635
942 2
246 349
691 839
435 196
330 777
870 210
407 101
229 454
878 828
119 804
291 858
497 50
175 757
286 30
128 795
794 146
407 23
598 158
16 190
500 405
484 201
841 277
438 501
776 675
524 868
433 356
248 396
652 793
385 387
108 915
883 147
856 325
442 911
607 867
180 393
267 652
61 680
548 886
10 469
693 131
883 874
606 843
717 290
951 306
927 40
996 309
379 808
264 192
502 68
282 107
871 18
973 612
928 736
492 945
751 544
553 607
76 824
540 93
949 767
952 897
720 777
974 136
275 534
234 414
693 939
22 782
738 421
540 894
867 352
962 738
674 553
361 528
936 108
797 641
693 1000
116 682
20 272
247 62
433 724
56 676
74 363
50 561
128 95
468 623
113 400
577 812
989 964
197 336
248 509
765 791
399 305
483 296
540 94
348 19
917 415
103 676
658 566
417 879
96 677
834 439
354 642
284 982
115 885
222 488
751 200
658 609
224 138
667 885
444 700
136 204
995 285
821 129
409 166
5 938
397 942
293 499
730 731
358 329
670 66
672 456
136 743
523 932
23 96
865 114
349 439
801 81
139 655
739 766
246 172
521 705
492 808
79 474
837 211
401 198
477 895
864 729
49 93
231 357
360 916
849 163
325 550
861 376
23 483
460 331
40 984
502 911
542 332
4 551
721 516
344 200
563 403
192 809
87 595
483 250
496 475
970 727
898 163
159 84
523 370
668 588
616 391
312 54
413 712
459 435
882 973
447 211
154 261
127 218
801 983
807 741
400 793
156 16
43 298
869 466
721 557
124 313
752 573
146 399
674 287
410 342
275 795
296 375
685 779
220 489
697 384
560 728
742 27
916 756
190 866
493 45
899 926
667 299
178 103
22 975
596 537
406 8
305 91
808 99
789 911
99 173
231 314
928 872
895 478
334 191
224 669
860 614
545 999
215 354
578 941
791 575
155 81
569 683
832 856
226 57
306 248
471 836
813 680
923 600
936 586
75 78
480 399
128 228
349 940
763 303
590 441
129 761
29 680
603 131
170 978
121 189
276 24
119 61
808 780
387 106
645 932
378 689
747 639
203 552
384 985
803 344
541 858
599 235
788 634
84 235
393 699
944 113
908 446
532 302
988 349
503 238
65 815
269 862
636 147
203 278
231 255
762 786
362 959
949 788
982 989
794 297
271 58
758 30
776 602
255 326
225 54
698 365
533 759
741 433
832 893
649 204
533 986
961 290
752 921
867 521
624 509
971 722
309 2
368 929
745 159
201 320
422 709
118 317
758 342
311 606
840 567
43 56
598 62
852 770
701 366
844 759
727 20
741 961
393 533
628 606
909 762
544 145
734 572
355 237
294 899
582 527
459 553
90 199
812 387
837 534
27 683
72 963
885 867
682 354
735 919
596 498
446 70
415 52
142 663
706 409
273 282
608 232
815 503
700 641
640 878
271 276
376 26
450 740
269 909
827 133
874 692
531 682
607 759
896 682
456 769
167 257
406 858
898 647
361 331
982 27
624 469
464 84
222 315
576 833
629 522
659 420
680 652
897 875
725 520
22 68
315 444
440 348
981 510
414 590
882 219
254 647
384 109
678 434
867 236
754 129
292 594
118 227
350 862
360 435
208 61
783 632
184 5
931 386
865 636
569 768
487 614
32 430
619 762
127 196
440 239
991 653
164 533
592 458
407 652
789 362
545 103
119 187
358 536
747 220
502 150
231 781
616 230
37 943
106 409
980 628
902 541
995 573
728 261
928 905
705 619
257 296
302 385
926 938
960 886
699 834
915 482
720 116
35 44
194 398
700 47
359 378
37 125
180 196
46 214
422 255
425 622
41 515
122 661
52 479
939 672
301 358
705 576
812 155
839 300
630 644
333 685
339 487
461 738
660 970
759 346
824 81
76 790
618 942
727 700
298 796
74 273
771 61
51 894
732 167
452 509
676 172
17 352
946 386
616 895
255 484
85 125
338 850
495 515
672 137
918 288
418 264
973 835
27 350
711 412
160 313
625 445
864 115
840 91
162 896
773 873
485 467
819 535
620 918
848 454
86 302
572 224
120 649
70 272
695 776
20 621
231 645
438 150
932 245
971 960
921 228
32 718
577 789
336 77
781 531
628 532
949 281
647 325
64 109
628 260
100 28
890 531
529 105
298 929
820 974
655 33
109 984
319 241
459 461
589 766
383 828
658 937
553 556
177 423
863 192
739 242
272 939
815 663
95 527
940 356
670 357
214 399
568 159
390 17
761 635
109 134
442 836
86 125
392 251
274 366
85 836
322 428
944 479
862 58
420 633
429 267
829 87
52 165
89 135
827 388
818 601
3 226
427 475
390 817
164 131
129 16
250 369
124 792
551 761
682 269
452 38
157 766
845 499
648 451
421 687
43 461
667 793
960 605
261 553
377 998
770 601
11 253
830 512
720 75
234 37
498 367
588 246
843 223
472 570
560 394
262 979
278 110
50 783
243 349
319 772
181 920
313 706
268 971
251 374
515 781
833 701
681 653
537 271
664 914
424 146
265 568
598 973
409 286
697 52
429 720
264 100
100 134
324 80
894 458
741 182
895 287
917 82
35 545
613 811
580 788
954 874
37 400
900 454
891 155
742 823
873 881
417 323
641 211
683 505
90 653
457 316
667 470
862 418
408 99
778 10
582 90
943 763
135 810
907 722
347 386
378 288
385 626
757 636
651 905
925 188
124 242
550 984
102 65
489 77
13 382
62 297
235 359
261 11
72 528
173 714
330 115
182 585
154 217
732 354
45 823
712 86
236 898
739 756
853 27
915 708
513 351
828 372
306 771
857 833
313 670
76 130
96 616
310 373
821 808
117 57
942 216
779 172
618 684
566 964
279 454
835 476
26 855
764 196
766 148
757 460
277 745
827 437
604 309
496 821
479 442
14 590
666 972
944 432
413 55
404 709
441 583
521 59
123 634
886 997
791 948
66 137
334 653
460 867
517 749
51 619
677 54
854 65
741 622
100 872
720 854
455 856
102 791
824 652
827 317
540 271
756 271
968 126
811 684
840 419
200 636
866 968
413 469
397 858
898 336
219 511
591 318
745 34
730 597
174 968
615 425
400 776
243 860
723 704
983 518
661 855
722 807
409 587
142 403
730 612
68 927
351 384
30 71
133 642
495 659
578 231
418 367
466 537
35 96
670 165
83 226
444 705
854 242
725 711
771 462
268 236
385 845
625 540
993 130
303 840
271 779
620 184
619 447
68 847
119 1
228 816
294 270
536 264
73 62
441 90
659 142
189 183
247 48
392 904
769 556
634 895
465 86
53 857
863 260
685 238
891 982
753 503
116 592
556 526
757 988
619 833
262 49
21 675
501 988
90 188
871 484
863 89
854 708
11 679
838 600
125 110
233 2
550 167
188 515
184 37
454 188
916 810
189 384
625 695
750 458
903 172
778 82
942 582
106 340
235 886
306 954
36 562
906 231
729 896
587 625
541 135
893 985
271 245
264 876
949 258
436 571
603 434
489 575
556 737
120 787
920 344
909 675
217 179
640 42
286 715
973 280
916 503
8 193
856 195
544 763
144 17
76 457
912 944
829 952
94 57
372 369
716 806
617 382
670 187
242 819
836 601
298 966
315 139
294 612
412 544
563 270
268 259
505 63
451 971
650 184
915 922
724 918
729 961
600 450
600 967
287 672
494 478
381 485
908 667
667 335
580 989
763 952
688 137
13 541
837 151
17 903
382 796
499 216
870 561
417 477
676 901
488 811
92 565
563 166
458 136
503 96
89 130
505 641
87 267
17 520
298 781
694 138
982 860
50 127
996 599
732 414
513 57
585 43
606 282
942 254
213 421
790 518
308 265
299 841
53 532
971 912
883 956
506 495
838 968
388 755
359 49
233 882
