1500 5000
568 466
862 777
21 1049
209 1146
301 333
1227 1372
997 580
1027 481
1370 1433
770 1126
1238 262
678 814
584 1260
504 715
576 810
836 545
68 1057
1004 861
38 463
215 12
264 510
1427 330
1456 598
1338 1047
898 42
1261 788
46 955
506 1368
920 203
281 489
1455 938
1498 322
413 1152
1234 814
278 1022
488 963
1466 727
237 146
1043 1253
675 984
519 123
893 599
667 1331
1135 983
681 643
1132 583
1378 804
400 81
505 567
764 216
104 838
1237 1379
1245 1091
1254 77
837 96
164 255
1072 380
715 806
460 1199
678 519
265 1198
620 547
546 785
696 1392
866 645
232 734
123 669
724 349
809 981
1257 717
911 1082
1241 1285
510 1042
205 743
1026 16
1299 1045
936 1257
1486 1267
1152 159
1346 784
633 1251
207 117
681 922
1268 174
729 548
702 994
329 1059
1141 1458
1404 861
274 329
709 1389
218 845
326 985
1155 465
1381 100
117 247
561 773
1188 1203
370 151
241 367
948 717
728 1174
149 278
409 621
443 111
258 69
595 1073
211 1409
1434 1318
727 199
1412 680
1078 1233
22 624
603 1416
520 1062
570 651
772 189
152 1358
419 884
1391 1080
433 592
927 1053
13 471
607 1443
627 968
484 863
415 871
1103 155
6 738
309 264
707 7
239 959
376 1435
1469 1481
179 925
738 104
1297 1126
1478 461
1032 634
291 1359
1138 919
1389 1186
1051 43
372 385
119 1074
596 843
247 485
1282 1437
803 202
356 1318
464 343
1409 421
74 558
1039 553
966 763
701 284
1067 1428
583 1235
476 965
868 257
84 115
179 833
1197 1148
792 940
962 509
670 476
1299 982
663 1220
1422 757
166 1179
1369 1205
1332 553
883 527
385 911
835 803
382 568
1243 867
706 1
860 291
1415 34
628 1148
945 1400
201 583
568 1153
1116 615
847 1275
537 458
1232 214
421 20
797 1451
267 123
4 74
554 358
754 201
779 362
852 998
446 186
398 372
1181 284
493 1332
1046 548
498 360
1011 1167
503 524
382 985
999 930
404 1388
1135 1490
1091 140
329 871
737 454
857 320
427 962
423 1007
1240 125
114 828
223 996
965 42
571 1126
304 1454
836 773
851 256
368 1460
976 996
48 291
868 535
264 812
1241 699
1448 90
96 757
872 541
911 1176
772 921
1025 1013
1241 777
1347 183
1219 509
892 175
1274 601
34 231
734 909
735 1305
128 1326
1369 546
754 956
670 1412
1064 867
169 369
436 810
883 53
286 210
899 101
336 592
842 1268
231 968
623 294
575 617
1227 1376
841 35
160 1483
959 220
1080 96
295 837
1477 364
75 1171
675 524
715 665
283 311
858 693
1100 954
838 620
858 246
117 1062
568 1032
1157 630
589 842
1041 1316
940 1268
535 581
1229 1075
668 1039
464 379
777 30
374 126
322 1257
1244 984
1186 1011
661 109
19 913
1414 1141
1073 445
684 665
848 950
542 225
1247 631
624 382
309 969
247 1153
1465 339
103 568
134 502
33 1448
1360 998
259 866
1061 364
349 158
327 967
1029 208
1092 1102
862 1100
886 414
1166 122
210 41
1447 468
514 278
958 1374
1066 422
1405 772
436 1331
181 1460
1138 1131
1387 122
1398 328
263 435
357 27
550 360
1400 1258
162 93
200 359
919 1034
1399 1180
978 989
258 780
977 216
982 163
1264 296
1262 454
973 660
511 812
1077 1022
1088 1251
440 309
728 387
1226 1057
226 1049
1445 145
1339 1025
758 1068
218 617
1048 877
59 544
148 1240
1064 96
1479 484
1129 1348
1220 357
603 75
544 87
302 1427
775 234
351 1262
1241 179
297 444
449 480
1318 1244
93 689
1220 1420
1278 117
291 345
709 393
461 515
994 38
84 74
55 171
546 899
32 306
755 172
1448 1105
974 1214
1255 1303
301 248
270 419
1010 639
402 1216
307 11
896 270
1454 1041
256 373
80 1094
343 871
875 223
523 416
238 1474
140 473
1316 262
935 1326
774 487
1416 674
966 945
1076 785
1094 927
1203 585
801 802
1418 382
509 756
460 837
1199 1219
1079 668
713 1391
1319 922
511 163
1304 51
1214 1093
1047 393
117 983
1159 533
1250 452
721 895
936 321
446 796
655 456
137 50
417 105
838 626
1213 666
1418 1175
489 140
730 187
964 474
357 1353
985 1293
313 130
991 465
1474 1342
1034 1272
361 1056
670 860
1285 1332
922 997
740 817
887 65
1297 543
1421 566
137 157
232 809
1224 667
583 1316
8 207
650 1371
913 1152
13 475
739 816
71 410
493 1337
1100 908
530 1226
503 381
249 422
221 1461
3 94
97 550
202 1283
918 891
516 857
678 597
918 141
1033 401
710 1439
745 1320
1034 1058
1326 253
260 1302
944 927
496 1292
1046 993
360 343
1003 423
526 1487
1487 255
916 133
142 94
302 207
998 166
459 1499
945 579
855 1321
970 1342
284 1453
211 1041
1187 1222
295 1480
796 1458
1262 430
111 897
781 43
589 48
1226 337
805 837
1050 38
1227 1282
1292 448
86 1290
1394 885
1262 48
923 85
1404 366
108 387
454 1205
52 1342
551 472
783 1290
722 578
233 324
1098 601
578 1431
807 1285
271 963
1038 1465
1452 490
1158 918
1314 442
156 963
868 829
1029 561
419 208
1120 1002
967 927
1307 1158
1081 576
1280 158
210 908
1050 714
238 1431
697 680
488 664
1241 1354
1238 21
885 1338
1199 1068
774 715
276 846
272 117
1299 786
1142 685
307 137
1382 751
318 683
358 488
1415 434
1234 607
1341 812
86 1108
663 1253
959 403
970 514
494 63
1404 350
140 1280
740 96
826 517
564 1076
1363 1210
1014 1113
1190 236
391 328
995 1253
1341 738
1070 894
1178 593
678 655
1290 1228
551 217
451 1087
537 291
240 1485
1266 1472
122 984
1112 949
654 709
1060 1298
621 1241
510 961
1311 643
378 886
1486 520
271 678
9 416
861 1497
930 199
455 287
1242 479
672 830
370 477
448 1470
336 626
36 725
429 1076
985 910
1064 1128
496 718
409 535
1397 1141
723 936
892 1435
1224 98
1068 1240
1183 502
559 1333
1312 192
620 360
900 172
739 280
506 8
1309 615
908 192
1217 987
1385 164
1144 299
767 793
1172 773
582 972
1228 1457
989 877
1248 680
70 793
1306 293
1428 1299
849 436
909 486
1047 927
142 732
1139 250
470 455
1031 1493
220 638
278 463
621 782
465 582
582 1327
363 535
1384 1464
614 27
744 1110
595 375
1063 1233
446 1032
56 43
663 1025
1337 979
1004 1150
400 774
846 172
823 1262
493 1096
372 471
333 520
1110 1413
1082 407
415 855
1266 994
1260 244
433 1455
933 321
496 789
275 1334
943 784
873 1151
564 1274
39 419
701 813
1265 327
891 1221
1222 1374
677 1365
249 1435
702 397
1159 790
1115 1052
550 1157
150 985
1193 1137
653 993
941 1367
1176 855
987 35
1161 386
158 313
578 1183
811 602
296 418
1297 396
799 1402
1287 912
275 19
174 1042
940 1010
614 32
1371 1461
1152 669
981 713
1253 1164
1123 302
438 243
1236 1410
585 1376
765 167
1353 935
9 1036
38 927
881 1387
65 367
1486 1229
1181 683
1266 961
295 952
832 1355
788 1134
518 884
1486 331
512 872
1369 1499
1342 803
950 1396
837 1038
1171 424
576 521
974 1418
715 1462
1152 1280
1431 348
1401 761
1136 501
411 1047
1455 793
177 1189
861 995
1105 296
1213 99
368 1272
842 357
316 1268
687 125
1147 883
857 994
403 37
1394 1066
1244 1287
356 580
310 1277
724 24
1374 828
538 1169
853 118
992 917
1125 1205
140 1154
1467 93
216 1236
818 346
1445 70
428 1188
611 642
840 371
1009 1234
39 1472
294 1407
1437 657
1107 244
291 336
1226 703
1483 1485
1401 1300
487 311
349 230
718 290
820 1393
1336 1494
1465 192
946 3
666 815
17 555
1315 110
213 983
1433 1030
712 347
889 489
947 549
847 378
105 104
1450 816
566 97
626 1131
356 737
273 1416
563 319
956 885
33 1220
1115 137
1046 1013
689 1299
526 1071
388 394
261 985
259 1181
918 1430
61 541
576 1046
1311 912
832 225
779 600
1432 1105
58 218
743 936
702 827
268 349
1351 1284
1264 452
55 1122
1416 527
969 712
1390 1019
905 1286
1453 318
628 322
226 1287
658 617
538 296
208 798
670 945
265 1355
708 496
199 679
69 955
155 965
140 1060
867 688
852 874
387 270
1393 1487
1137 1412
618 775
513 425
608 1475
198 322
701 262
671 731
1182 355
319 138
206 570
883 297
907 1115
394 33
1003 772
88 547
588 1031
1200 1191
1203 68
879 1069
1111 374
1371 1196
1096 177
467 803
1001 724
600 1277
553 312
862 81
433 373
1049 886
1407 1265
771 507
1217 322
984 630
1296 566
718 1178
1257 1371
130 37
1477 1251
381 254
1469 1302
239 672
108 1218
144 366
1173 1163
884 1095
998 676
877 1376
1456 1133
962 162
327 691
425 1469
1500 994
1427 1174
837 320
319 602
1380 686
234 361
986 1346
214 285
827 962
505 217
1075 1103
1029 1214
1470 1135
410 1179
844 391
320 244
535 1422
773 146
533 994
869 203
21 870
391 341
917 283
984 1059
1337 1395
75 1023
805 916
1027 921
418 1397
410 36
1011 1137
658 890
1300 1477
731 204
1291 155
296 246
172 1248
816 73
751 633
795 1493
1386 738
810 494
224 761
1353 1231
949 386
849 45
612 1422
121 1382
475 1135
420 308
204 1459
545 260
604 112
426 1477
1453 529
921 980
900 1413
481 322
231 554
167 1211
207 1469
418 985
1046 1264
320 279
480 16
13 1131
1232 336
1243 1106
581 652
1436 1433
1107 1125
1062 997
1048 991
914 908
1096 987
810 1269
327 910
1111 591
829 704
1296 1228
481 392
739 556
203 489
1195 483
1359 456
372 784
912 597
851 607
1238 1191
488 1367
955 525
1302 145
935 1371
730 560
95 1306
22 960
884 1180
381 1177
1309 393
1386 425
187 512
60 1333
687 147
1348 962
625 381
140 1024
310 1406
342 918
651 1415
380 551
596 157
898 1293
338 948
775 1300
615 800
480 1303
803 705
633 1344
365 1000
545 796
1102 1078
359 913
532 641
310 500
86 1
1469 1184
1200 370
754 130
232 913
314 939
1047 231
822 324
1442 1320
1028 42
1499 1402
860 931
1306 947
1190 781
857 515
1266 141
343 987
1214 1040
891 577
851 461
200 437
1445 322
402 985
935 529
826 38
486 612
1258 1127
146 1274
1117 301
731 585
1392 1087
947 926
19 1129
132 1158
273 939
879 1362
1117 33
170 1387
343 130
24 296
1175 941
54 1201
1427 1467
681 819
154 602
1137 494
107 189
773 777
1201 584
548 543
65 135
458 994
600 1362
1044 282
401 11
971 841
695 1007
1084 918
911 742
175 646
782 1459
1116 887
341 925
1342 450
470 1404
589 656
1104 1371
637 1104
509 1235
678 867
972 744
1340 212
1090 615
730 1330
229 293
768 919
607 632
432 854
300 1175
931 538
898 41
190 922
1345 375
895 1025
945 607
1238 1213
322 220
873 797
51 542
954 468
20 1485
28 891
1475 28
1401 1196
558 1090
1498 1471
48 846
1088 225
359 399
641 678
253 87
1445 1101
583 103
1493 317
265 460
1021 322
1038 1206
1454 397
477 1202
1398 1425
1056 97
1181 514
479 1068
826 1414
834 218
713 566
1017 1427
1073 524
253 1330
1303 829
409 444
500 843
1156 870
974 1362
445 857
349 1265
1100 1394
297 767
739 1354
250 793
1076 131
380 282
1066 33
952 1185
200 1113
583 1229
1154 965
767 1444
1363 409
446 295
953 1347
736 648
866 1454
1341 667
1369 1249
513 130
1009 459
339 2
971 1454
1466 498
655 434
295 245
661 1393
500 998
1265 1285
158 290
1317 172
96 1220
1396 522
1491 1487
402 699
72 656
671 49
1217 489
1044 392
1055 590
1221 1051
580 943
586 1496
184 839
586 479
327 528
597 482
21 337
98 1119
102 1336
864 44
687 59
221 770
573 93
1340 194
711 795
864 997
760 226
74 1441
606 263
668 996
1100 777
593 573
156 65
1251 537
210 1159
272 27
1424 1490
1433 13
392 747
156 858
984 662
920 575
835 830
264 294
1361 1026
1467 1365
1054 1389
1348 1392
1202 1182
996 1341
1031 235
1136 287
155 61
198 1194
1091 473
31 528
476 1448
592 863
1485 829
1287 517
846 1345
60 140
195 304
1148 534
414 176
845 873
959 681
459 862
1055 844
25 254
18 878
247 1500
346 123
1448 713
1070 1133
767 474
764 398
1138 397
1459 544
1019 1242
603 1248
176 244
570 1451
233 688
1103 873
41 653
446 1154
1326 1213
1305 1366
1425 1249
130 987
1318 424
123 1324
512 734
213 1223
231 407
1134 1307
734 1341
1118 1332
1447 599
585 1143
989 1380
1083 1081
534 1261
621 1068
826 1370
1383 973
48 1028
1234 722
108 1274
752 535
797 568
925 475
632 825
36 448
1078 330
89 608
729 1443
564 1021
880 1381
1116 1332
824 747
729 7
557 341
715 655
470 664
1300 263
1470 915
1452 584
348 629
1439 261
1097 12
510 685
238 1375
453 427
613 960
666 1470
455 1326
747 1343
936 1320
1486 1142
760 574
13 1277
746 284
743 678
1230 459
1121 565
967 174
47 751
612 233
745 834
726 536
1203 1005
1126 1324
195 571
1270 1320
774 169
255 1197
975 530
1364 160
881 11
992 796
54 994
644 246
204 1145
62 96
453 292
1212 1173
609 1235
11 614
635 1092
610 1177
1352 1249
700 63
1303 176
505 1047
1215 1394
1392 1015
574 54
1287 165
1418 68
666 228
271 62
233 419
543 823
313 1235
100 289
329 1071
563 970
133 1002
1288 1115
808 464
1346 1279
1466 1432
197 1324
911 72
126 776
1433 718
398 825
363 400
435 628
398 531
1224 460
1071 718
518 624
146 559
282 408
1037 1147
202 253
290 1385
944 180
1493 1087
749 1370
379 714
796 213
252 1483
660 461
243 933
60 553
1282 443
964 498
44 1032
1494 1132
1495 196
466 389
55 1351
241 643
1254 1391
468 1024
146 182
1167 3
1103 1246
958 909
505 212
655 1414
1211 34
265 902
559 806
371 16
539 918
1186 35
632 141
502 1135
223 128
1082 434
309 1176
958 122
676 479
439 331
1020 472
44 1289
1411 239
1404 671
854 351
1106 936
580 834
781 1312
1074 902
136 475
230 401
5 322
368 332
855 145
786 182
578 859
806 653
257 320
1243 1268
1478 160
21 721
132 1415
584 675
34 1114
1112 619
1044 880
411 275
769 1430
1257 875
1288 795
1300 67
717 899
1057 1032
817 550
369 1291
704 1251
82 561
1125 126
574 1381
597 109
1155 611
1117 466
209 276
1024 27
838 614
930 944
143 56
1068 1131
649 223
235 1418
259 938
915 1349
1489 596
4 1390
123 1107
488 1238
794 534
242 749
868 390
37 1403
1401 946
1194 613
792 281
1206 7
637 1172
519 1264
1184 303
1060 880
123 642
1428 177
1364 1215
93 716
300 1379
294 640
939 65
191 374
669 852
238 970
280 1088
76 1255
1257 666
1167 325
723 438
208 295
796 1097
799 105
1481 280
666 31
621 974
644 951
776 1210
988 775
791 1400
458 1332
1195 30
490 374
423 1324
668 736
1259 357
543 70
748 1448
763 1440
214 87
1326 1444
389 1481
1152 1392
1040 694
546 469
850 1243
996 666
1179 873
127 1137
1229 1103
1006 531
977 35
1367 701
150 265
706 1098
1357 1133
560 491
411 401
672 571
1195 847
100 340
1354 1122
735 585
428 96
533 591
1449 795
154 1142
1371 408
598 1210
601 1207
1257 141
760 1126
725 979
677 1069
50 494
1011 460
1002 1296
1244 860
1300 851
194 384
1120 1057
1037 1028
1081 1401
1235 372
773 643
632 1018
1287 780
1326 983
540 1492
355 655
624 568
560 787
223 1268
890 871
1058 876
1284 138
670 1126
626 767
1244 537
1173 1286
46 1066
203 25
910 378
1014 333
1095 1383
793 668
1223 595
221 1040
850 1212
592 651
1119 1219
1058 967
329 168
29 311
95 1177
588 968
1187 72
701 645
1481 441
338 517
1346 781
1019 949
1171 777
678 1392
86 606
577 284
834 588
932 191
612 1321
1240 1296
578 348
693 1197
1084 1276
447 1380
1097 627
864 86
1117 590
741 1179
282 215
1418 1480
1254 451
1005 438
797 340
376 1343
1402 1001
930 695
128 1474
2 215
1241 816
690 1315
600 241
716 802
1097 984
346 872
363 1407
735 400
291 273
465 870
1344 1478
1416 663
447 894
951 1316
1172 879
334 222
281 854
1106 125
570 1238
572 138
1345 1413
902 878
711 1251
224 1208
753 1121
474 420
1053 156
1130 607
864 460
836 1302
632 1284
815 1381
1443 576
1304 1069
1332 719
662 277
1286 598
1153 385
1119 43
288 421
313 1066
981 15
1245 1175
653 838
636 1435
796 133
419 1308
874 316
584 689
823 490
1453 1436
774 616
1211 1036
528 1416
370 1476
135 20
1262 1203
362 1168
1481 1486
674 1232
113 326
221 125
1437 1470
245 610
1177 428
628 1322
741 1287
250 758
779 1497
632 1329
739 644
774 1443
6 1153
1426 1479
1068 687
1437 374
514 414
684 430
583 1188
466 810
813 547
118 1080
248 821
984 522
518 22
750 319
494 537
522 1092
571 558
908 632
551 1025
1240 62
924 1253
1434 35
1246 276
380 420
200 325
119 867
765 234
1429 1434
321 1429
849 1417
1394 45
999 828
1097 582
1475 397
221 1395
936 805
1294 172
901 763
1306 447
637 1409
164 565
1387 872
1329 869
1089 734
948 807
72 1488
1192 1455
1132 474
1344 916
1225 132
107 341
934 321
944 1271
1197 1275
637 815
687 704
147 592
108 370
716 721
524 370
1028 18
1246 236
1132 1455
149 812
1187 1272
1182 1280
1485 555
1195 1040
62 426
609 65
1104 889
290 694
1209 1257
1399 721
446 430
1350 1004
56 200
374 198
1450 128
587 588
620 1386
802 1368
868 1378
1237 1103
1199 284
1108 1465
565 579
1006 230
26 433
1304 872
282 286
235 506
1393 263
140 750
1375 958
783 1007
1254 1018
971 12
516 299
131 362
279 1268
842 643
369 192
203 621
892 514
300 356
1227 228
904 1460
271 1389
909 1101
628 327
883 1236
315 1451
1003 412
929 455
1005 380
88 73
141 101
858 434
52 1140
719 922
290 791
1027 1342
637 657
284 1036
724 298
921 1015
1335 1400
1149 992
144 355
848 133
539 1431
1282 167
12 679
1366 909
29 519
1035 1100
109 1381
170 1364
765 1104
1398 434
1308 222
1459 200
1392 1090
1218 969
567 1212
258 266
968 999
883 1292
644 51
219 120
1415 1453
485 513
22 417
388 676
678 14
1444 87
564 1092
441 1459
613 853
1100 1238
1377 443
386 1438
1085 1279
1282 964
1404 230
736 1468
1296 96
833 152
222 1275
152 812
819 813
619 1272
74 1462
1055 1267
360 701
1493 173
108 590
700 880
734 179
1234 472
839 61
727 1253
62 1062
958 1031
833 417
679 1451
1185 1140
1490 40
601 1222
984 1000
802 103
209 677
222 286
411 1471
815 316
365 377
1178 1228
1495 672
1407 930
1358 1187
409 891
1424 423
1329 341
1488 713
587 98
1400 928
910 992
1180 1171
614 245
1474 1240
282 18
666 516
826 749
336 1323
331 236
1146 179
431 332
87 1205
357 976
414 891
654 651
971 222
1461 261
953 104
105 270
1082 863
645 825
494 1497
371 1480
1036 701
1139 478
1054 591
814 1460
109 923
1431 1314
435 444
602 779
354 1453
537 264
693 445
449 748
674 665
1469 1487
576 204
1077 111
374 1198
939 1116
432 532
1398 80
175 850
1268 1337
86 16
913 1216
700 86
1024 1314
183 690
327 1155
1429 620
371 965
1004 293
392 669
123 1106
145 1071
244 1131
457 84
210 410
638 1236
266 1025
1247 1032
651 989
113 189
822 854
1352 49
1270 350
525 1432
1238 192
940 1016
1045 616
975 222
74 543
692 1451
1381 174
1368 1413
1246 1163
445 633
843 425
1300 625
1127 979
860 625
160 770
107 606
28 352
1398 316
1453 913
1122 1445
235 244
100 361
337 982
1161 393
1028 258
903 1058
885 1319
1232 1130
936 969
606 363
58 73
303 9
139 709
1428 1194
1406 446
205 538
146 612
19 839
1482 768
513 955
194 1487
948 1449
1473 429
1388 1394
868 44
656 1132
556 648
889 653
1439 960
376 135
966 86
259 547
1416 1292
32 1125
791 306
674 1359
323 1233
92 558
1474 76
462 382
191 706
901 1147
46 1008
293 1060
272 1310
976 423
571 556
1335 1220
466 105
277 383
1309 843
880 890
1474 744
938 742
1102 339
441 1228
165 1443
973 1273
976 1382
812 528
1161 301
450 1240
962 544
602 827
1146 1459
631 427
1136 836
1237 1108
1387 1107
580 259
877 760
427 1092
480 1333
249 523
847 708
1108 625
311 812
1017 668
186 1196
1346 663
1235 1346
716 1218
925 453
1214 1343
1479 242
1108 764
122 341
1139 153
756 35
844 556
1216 1133
712 697
604 1057
886 185
1094 120
970 548
1444 847
1396 867
884 73
1153 201
849 407
601 1311
1466 546
416 118
542 798
119 1182
192 518
21 859
1105 586
256 170
841 384
1496 321
912 127
276 133
778 287
759 62
775 694
632 1350
341 798
710 1214
817 1454
1175 360
1442 1433
300 502
55 285
1323 1398
1388 17
561 1349
206 1436
704 922
1424 396
604 1076
214 32
266 733
1486 1483
93 693
991 423
856 196
686 660
682 1290
771 545
501 1011
420 520
1327 113
1269 289
194 1411
630 1170
304 188
558 1208
944 946
1254 330
400 1211
249 943
699 1191
1164 1161
173 1418
279 683
750 317
444 746
202 1081
304 940
17 56
145 542
1362 1260
58 423
1061 1495
999 425
1315 407
180 1006
810 230
1114 325
1226 803
516 783
508 348
124 462
190 847
384 725
373 764
822 166
1383 187
807 924
1489 397
750 1298
1431 1190
1220 1436
1405 1191
764 1266
495 762
1144 217
1455 1476
566 1127
77 1009
823 146
300 681
705 286
545 1241
838 1154
685 382
548 297
1378 1322
683 1433
921 199
1216 1243
1123 1360
819 251
1075 536
1493 1223
82 746
682 853
1388 161
202 423
1204 1031
176 1456
411 638
549 789
212 652
123 1345
353 1091
1437 1285
931 999
186 1053
157 1323
1247 755
350 1325
261 1142
285 1273
590 869
395 501
840 1072
1232 1317
1029 166
1419 1116
836 1170
249 413
1262 198
1419 917
384 189
1294 1094
1285 1254
960 99
1103 460
691 293
1013 1190
334 432
839 1140
1019 530
879 346
918 733
863 552
713 925
1394 560
266 687
43 121
1384 1065
182 1271
418 1008
1493 901
1360 1210
1481 226
915 1440
175 198
947 350
607 267
553 1111
983 285
1401 1095
402 1221
335 1219
1289 712
629 414
1132 883
159 1075
959 1209
604 724
1372 591
1214 979
843 184
996 811
840 391
600 1442
221 812
26 1102
722 307
662 258
734 723
1038 781
1444 189
49 912
270 1275
787 245
931 1170
985 836
828 431
1452 1406
822 1206
1266 5
343 723
1356 1339
1158 1216
969 1386
1488 812
422 266
45 812
1384 215
1439 638
829 1394
1271 124
662 1135
109 673
1403 1092
1411 220
1186 165
1356 1258
713 906
1382 620
154 519
1149 537
1398 928
478 1397
889 766
218 1487
704 5
1372 885
1359 337
658 1042
243 1284
587 967
424 1372
10 303
472 617
431 463
796 911
810 1354
887 1291
404 616
1219 434
1104 1159
1440 1119
1080 162
370 1239
436 567
672 1360
944 1002
476 662
297 1395
1065 1495
1210 465
153 1152
554 616
616 837
603 160
458 674
836 1139
621 991
1109 1434
167 471
899 178
1193 158
693 907
1265 158
1453 218
979 275
1493 1117
663 1165
958 578
1115 9
470 247
1120 526
394 1061
1386 587
40 1454
903 503
995 1200
613 477
1165 1283
1147 1068
953 1105
1253 1402
1419 685
943 714
90 890
220 212
1017 1117
1150 1115
501 206
428 1083
321 751
412 639
163 861
1047 77
805 1259
1403 687
517 537
983 534
494 1207
293 893
1011 101
571 811
375 33
1422 1155
121 504
1493 865
769 624
205 17
1335 1282
411 680
1177 1484
249 1394
105 645
318 1038
593 997
187 1137
1273 161
613 634
1290 282
1237 1443
962 536
385 31
1065 148
975 615
434 487
1428 466
961 1132
327 156
921 205
465 491
1458 639
1284 714
423 414
595 967
628 675
1330 364
1473 28
1460 391
259 671
1092 1244
1377 1397
1124 80
456 900
1210 525
909 645
681 1184
696 1493
419 228
1495 606
1072 1059
1368 45
863 1387
1346 1357
1130 964
1269 1312
1109 552
1071 1330
1331 1124
76 8
900 639
759 39
1281 1117
1284 1192
1110 122
521 881
1403 1119
611 249
428 1069
14 545
1361 981
379 466
756 22
1418 1004
1186 164
355 700
330 721
898 612
633 1
1063 1141
51 671
22 281
1252 817
72 169
547 1051
1153 766
675 1384
740 302
445 975
310 36
129 725
440 745
361 82
1500 1234
1162 758
245 521
618 487
11 1245
586 785
84 208
173 562
680 342
147 325
371 761
1264 65
632 1439
907 1295
1100 932
285 117
978 427
344 521
1406 783
867 1020
994 612
1178 1114
1097 793
1186 914
257 241
408 669
1158 1056
486 1284
1261 1126
568 1319
218 576
824 1309
489 859
1213 1135
490 1156
1033 555
970 119
607 1358
679 877
897 1008
1286 1082
142 988
1353 1177
558 960
65 1409
970 1208
295 514
1128 224
931 347
357 154
310 137
529 210
1428 403
1255 531
1014 933
1048 330
411 130
590 70
77 384
111 1256
1407 498
1270 830
948 109
278 17
1445 857
1417 1344
44 1
951 943
1351 996
1309 107
1404 1459
309 451
19 302
1046 1410
317 213
1455 1171
1140 1
934 1016
415 243
284 1427
914 1003
91 1183
1239 794
72 547
215 332
760 1023
1269 1476
280 528
739 1160
359 1216
1428 1472
77 1041
110 424
1231 557
46 326
86 1279
962 547
629 857
306 336
846 1148
985 241
1405 674
144 29
990 305
1442 415
1433 405
631 1243
1146 1037
1154 1173
735 706
1313 1289
54 1486
1457 401
838 266
527 221
907 212
1121 1452
846 420
683 687
900 112
741 1429
727 108
516 381
10 1166
104 551
1323 675
1301 1087
488 43
509 1123
1079 1019
49 1317
67 1039
73 594
1487 1078
1157 1041
1398 863
1493 1210
253 164
38 515
198 1272
780 260
680 639
216 698
115 36
469 1423
1268 438
886 762
319 764
787 692
40 1429
1452 206
804 1061
294 914
81 625
521 1048
1417 1032
1498 901
1292 233
1378 1123
596 632
431 1155
874 553
1422 972
1336 860
696 672
1020 1212
74 320
367 1292
985 1347
1332 251
1155 654
1054 1462
1065 472
1453 53
725 389
519 88
731 1325
423 607
904 633
469 1134
729 1355
246 1129
146 546
1263 1229
1147 1463
184 1018
498 282
177 413
279 370
1260 155
315 1043
1401 243
1447 1085
1495 53
949 707
251 1231
806 965
1344 1343
406 68
102 1132
1106 1365
1368 607
975 156
531 72
431 892
1115 58
819 1158
190 526
899 738
723 57
1040 1427
893 630
1338 1119
742 1477
1212 1096
921 345
927 803
172 1415
1378 1272
43 962
305 1231
224 241
28 329
1264 949
150 233
297 492
29 802
287 147
231 838
1174 615
35 1362
187 300
419 677
436 47
1367 897
319 441
676 981
1099 643
349 1175
1431 612
6 669
461 1446
633 611
2 433
381 1038
1179 302
469 122
297 13
634 34
1058 819
1466 76
645 203
1311 131
555 664
1307 339
427 698
1011 1293
1012 215
436 410
790 477
677 33
1101 46
220 1154
579 588
863 570
487 759
71 624
987 281
971 572
213 668
1042 487
918 1480
457 999
1305 308
892 527
1080 601
499 1038
87 311
114 761
288 712
142 630
1229 107
942 632
488 539
408 91
499 475
815 1307
1001 813
1374 1333
246 944
1319 563
1484 966
1221 165
590 1028
1094 1269
111 1161
249 1207
844 810
1207 462
475 680
865 1376
643 870
501 1013
202 141
535 485
798 53
405 893
289 66
207 1425
868 85
1218 528
663 296
1203 1441
947 531
361 1250
1451 244
1080 9
179 597
93 840
976 1491
457 797
702 1165
967 733
1316 226
982 831
165 911
990 63
1267 124
1208 140
266 408
101 104
280 976
447 862
1201 548
1209 1479
397 1257
1360 1463
1133 300
165 1134
1398 1375
1299 77
727 313
67 1494
1443 194
850 719
653 617
1289 970
1187 657
91 830
1054 1421
216 305
856 504
568 679
1484 995
1212 774
793 1080
991 96
1316 1154
1299 209
978 1236
153 562
617 836
57 388
1013 332
1060 630
1496 264
241 256
574 1323
1283 1197
912 717
617 489
336 443
1034 1120
460 1379
521 1411
361 987
450 1173
123 794
1130 242
464 181
1106 1348
1489 1408
459 1203
1038 148
1243 502
938 708
68 957
1353 968
1208 1343
1306 452
996 390
1322 1329
1129 1268
2 995
910 748
737 780
1289 535
112 206
1474 606
473 563
736 789
954 1485
432 1187
1163 56
100 1419
1115 865
1418 524
833 796
1133 1271
453 1216
980 461
521 104
1472 1201
1062 1034
819 1008
1349 1298
1110 1465
1214 1335
257 28
576 6
1099 1463
268 631
412 1274
110 567
460 321
1039 507
602 771
498 1027
321 1316
651 793
459 1040
1376 734
263 648
1345 821
270 661
895 517
400 1054
762 786
1030 1188
110 1471
163 766
695 194
1217 1404
342 822
1309 1312
1312 907
786 1417
1008 1398
151 1165
336 1280
378 105
915 186
504 726
210 892
256 901
32 986
847 663
721 873
448 421
220 159
712 1083
1091 1322
622 442
439 967
782 57
1046 319
1167 1216
1423 1006
1213 480
846 531
1001 132
317 737
1176 1283
282 915
1096 221
788 108
1114 1482
1154 509
222 3
1109 1266
221 573
1202 822
904 685
699 871
1137 1275
516 812
109 688
1149 499
864 1108
914 965
642 36
199 635
899 1324
1283 1463
1265 1074
1195 768
586 175
895 445
34 1037
514 1074
690 529
188 1364
351 461
954 1194
684 327
518 940
247 438
93 608
259 384
1378 1200
866 715
120 596
551 1035
1086 617
1182 136
132 304
590 1126
945 342
1430 927
901 394
961 845
863 32
251 330
1108 790
1189 899
1455 1261
565 1070
49 20
1344 1036
603 541
155 179
809 651
360 907
985 424
1476 1152
398 1318
75 275
84 1205
173 1455
1368 844
1490 68
148 210
333 373
1388 957
748 1272
638 194
937 202
1292 101
1328 174
128 1311
51 785
99 834
462 940
184 697
215 891
994 832
767 547
709 1136
71 441
1284 477
600 48
255 325
693 575
823 39
626 192
1307 1226
1145 61
398 1458
1111 878
1033 20
1255 50
597 1214
429 1457
504 1150
1110 678
1130 1294
792 381
881 958
266 4
633 750
191 186
75 1418
1179 1302
1432 855
567 1334
370 1459
353 182
1280 1348
692 1379
21 385
211 1072
557 1272
771 996
313 1389
1182 32
947 1417
765 342
1100 158
1003 1415
80 840
1429 765
1298 572
1246 872
139 989
573 1352
1360 500
440 924
1039 832
214 189
1143 537
983 120
394 306
169 241
1397 895
464 1372
1351 839
289 1191
855 41
763 295
897 381
743 177
286 723
1398 411
151 537
115 1201
33 1232
449 1338
430 687
684 1484
70 820
445 563
541 437
682 421
1277 1447
1231 1317
1293 1427
506 1120
429 1388
790 1042
720 972
412 42
1415 169
1046 949
1028 52
168 731
662 1356
631 670
263 148
684 642
789 1183
115 508
193 915
104 558
1472 529
216 776
409 206
870 602
532 1233
468 1230
1149 932
756 845
742 253
1368 602
1335 773
867 505
1350 1177
981 719
836 731
607 242
1322 1065
1021 217
941 1021
622 46
806 646
1401 355
58 816
205 215
808 351
1247 414
1129 324
1172 936
1097 195
384 698
763 719
204 448
820 501
1291 1122
588 411
1166 810
339 466
1022 1396
325 1157
887 253
1288 570
100 1309
1073 24
906 634
346 1337
1374 1092
823 188
201 1475
732 1429
354 392
183 77
369 106
913 1086
1 327
324 1367
790 895
1041 421
500 1140
648 1308
245 571
95 41
1492 1448
666 904
521 643
257 1024
280 580
107 436
1465 418
490 1238
1001 1016
235 319
1021 599
354 1499
265 407
391 1319
231 993
520 579
271 209
250 1097
1204 1300
21 51
1383 886
302 611
1053 503
711 986
1175 231
542 848
1304 847
944 1484
1453 761
394 414
1273 1420
976 1059
737 718
1337 1457
907 813
583 1358
716 159
259 1439
1101 1392
896 232
1171 1140
534 748
1480 146
1459 144
1365 498
303 659
147 644
1500 927
407 715
1491 634
1405 1076
929 881
1077 1394
529 968
1446 390
1047 214
626 1309
1303 276
7 24
475 831
44 564
818 1333
496 1232
1307 963
291 1342
83 1240
89 1004
1476 1139
504 1237
1213 455
1288 74
343 505
1173 199
1247 650
1460 533
998 1484
275 55
695 422
833 524
291 283
390 1134
1290 847
468 1036
1070 740
1280 483
469 1369
697 797
144 514
434 675
570 1046
31 251
1465 628
85 713
1244 628
534 1131
528 841
1200 530
591 989
168 135
1486 376
927 1073
511 891
611 683
990 988
1024 1496
1279 104
531 775
242 373
245 930
330 361
1345 442
273 1423
707 363
1270 1160
1433 288
1431 1326
1212 98
105 912
1332 130
1100 1008
51 321
1186 424
386 730
124 416
1266 245
1372 1242
1378 1115
1458 656
388 366
917 317
623 503
1040 955
642 297
573 532
1031 311
874 990
1114 1207
1407 1067
139 261
835 1040
402 847
1344 603
1113 585
699 1498
716 672
427 1374
216 1314
378 213
467 1058
1292 566
248 169
1389 1188
806 1112
364 555
453 1038
532 113
648 72
1276 487
396 58
1288 746
1153 310
998 709
1305 278
939 637
179 1416
1192 537
386 923
1405 192
711 388
1283 1370
606 255
298 590
244 906
250 150
1442 15
1199 1033
153 209
1133 161
604 973
1148 1348
513 56
260 179
719 67
359 926
1404 1289
196 956
1493 1127
1148 10
170 1483
1406 555
1332 208
585 326
1165 196
1141 1029
941 1004
859 555
446 1311
1036 939
1386 364
1369 151
954 465
937 717
1126 896
1026 1000
1149 1083
1436 1379
1013 1166
278 930
628 497
134 1072
763 998
1356 53
196 162
1116 1472
395 855
732 464
921 967
146 20
637 1323
804 773
645 138
1088 1010
802 1189
290 484
1473 234
531 513
133 104
852 722
1225 238
649 646
1119 1350
1427 1299
360 243
770 690
1271 1198
1287 126
366 227
663 1044
380 851
1315 964
1125 431
552 531
733 496
490 1027
840 540
299 937
1108 424
313 638
56 1015
208 443
261 1077
20 292
299 1499
222 1182
499 1008
226 272
1359 1371
1343 21
1172 329
949 443
45 974
1113 1444
820 399
60 243
987 550
1229 695
22 564
69 772
475 755
564 1286
1005 785
1384 1337
927 450
1414 342
223 1345
1290 1355
331 594
459 300
908 1167
140 84
148 719
442 438
581 712
1277 216
191 12
571 1259
41 478
162 293
1470 1477
134 714
819 1090
230 1487
500 1202
340 268
100 486
1460 208
594 217
1370 1313
1115 194
665 1065
1101 1439
654 922
1 1205
501 665
636 718
1367 446
131 1436
194 763
764 479
1133 1461
1409 796
989 1246
1157 947
1464 1048
542 331
809 1472
1221 476
405 1429
770 1478
647 939
693 466
1402 935
1073 903
160 814
698 1378
892 828
842 434
498 290
787 338
1105 958
523 592
839 1300
939 839
91 773
1225 212
649 563
1024 34
962 1162
301 659
161 485
747 124
1353 1152
895 1138
567 1394
53 340
606 1441
958 95
941 624
7 1015
665 1280
735 1218
864 1446
1130 260
697 695
215 23
1283 331
722 1218
430 555
61 544
578 570
1139 1427
206 484
1494 607
854 1230
544 267
754 615
661 1205
451 457
630 505
1189 1187
1454 959
1169 1118
1303 932
1218 1493
320 1186
217 795
347 1097
75 1158
17 543
1373 614
1040 128
1168 775
1356 281
374 1426
759 153
1446 379
1402 582
17 822
1036 814
1490 257
1148 1496
976 3
95 1372
315 1120
156 966
1346 983
848 1407
396 598
668 454
403 145
1369 113
410 1095
184 155
577 632
833 184
1201 478
1012 305
151 92
1419 1297
955 115
782 1088
678 256
189 1187
607 254
1433 1128
611 865
931 1316
1451 747
667 587
655 446
976 635
983 1117
370 1342
1345 920
974 1439
455 1470
508 1268
328 1061
153 323
148 1249
982 608
1376 1301
1031 218
366 332
960 939
613 374
1110 34
649 976
175 1236
962 304
30 891
203 103
690 16
808 239
1196 442
1047 428
137 594
382 126
374 795
386 1434
415 1419
367 737
252 21
693 191
368 11
214 26
1474 267
19 514
926 1488
686 841
142 948
13 469
213 187
117 1476
781 1051
169 222
1126 382
885 566
1283 12
787 234
1387 1094
615 1324
812 205
1151 290
556 490
1086 129
680 516
432 887
15 386
373 1446
1190 510
1304 952
429 334
1195 603
452 192
1283 912
1158 806
985 401
1166 1369
278 604
161 476
1184 75
1368 96
371 1032
344 1089
1248 93
657 220
809 963
1401 427
1374 302
876 22
212 369
1102 370
449 420
1274 1442
7 216
65 49
1212 1365
132 1408
78 93
991 1091
143 1435
1355 1255
131 1184
864 963
1057 828
537 1238
786 1086
131 1405
1436 1003
1494 1134
1376 1471
337 458
958 392
263 950
477 92
738 1086
765 1452
1074 210
649 127
1380 393
934 555
1287 346
897 877
649 1430
680 1234
799 1178
853 1299
783 1104
1262 1263
1420 491
176 1386
360 667
1125 82
722 1203
669 1391
754 1313
1249 1070
1343 627
615 395
1053 1362
1219 1160
1279 828
955 1034
1020 794
1131 1073
1460 1172
1127 1325
1039 1227
1322 877
1428 162
1032 1473
298 1171
1291 136
690 128
231 1015
398 286
644 864
647 830
146 443
184 513
788 13
1294 979
297 449
629 747
1017 397
1093 1209
1004 1266
437 1364
1082 701
1054 398
565 604
364 579
1219 588
1047 324
391 678
1258 658
1153 1401
324 674
122 327
318 1467
1066 954
759 890
701 737
571 870
36 424
815 1365
427 740
569 467
945 827
1221 975
468 1229
303 179
852 1099
1374 1459
347 646
838 1168
1343 760
1454 648
1397 1077
665 618
1340 1178
1264 25
183 935
772 840
882 930
285 1143
396 1240
434 1236
883 244
449 1374
1208 1491
223 96
344 1050
1132 1011
1107 128
235 249
47 1113
1370 710
691 1097
1034 547
708 269
284 1275
1437 1000
1320 201
106 746
232 1291
434 343
1313 956
1178 84
680 93
589 1378
1352 1115
1078 650
782 85
299 33
221 899
216 1242
193 904
94 447
685 1156
1252 789
1088 422
745 1087
1251 1415
1072 647
911 1095
343 465
1144 280
1222 985
1328 655
851 1450
506 1168
817 267
417 148
115 668
308 894
417 829
1061 813
854 500
486 99
372 1043
1070 304
611 175
791 1015
1133 1085
1017 259
179 451
1365 86
1040 1288
1290 1212
487 897
23 920
565 596
373 1345
1467 262
1272 1097
1039 1103
333 591
1379 1442
1030 807
835 693
36 1071
1110 40
1077 348
1030 772
77 885
1441 20
718 1449
1028 595
1427 738
781 950
167 458
653 680
803 916
872 350
651 351
1217 324
755 604
963 618
1230 1107
1051 1209
1472 1044
1449 1067
1336 1407
503 602
1306 544
484 540
34 1191
1410 1151
13 822
59 129
1000 554
1036 1267
219 703
548 1484
713 980
1482 611
1098 1152
227 719
374 1430
56 1169
772 654
1260 404
1041 1269
1123 916
1428 440
1151 658
1476 1032
1416 1084
657 53
1168 837
220 1042
1320 17
509 1256
232 1306
385 868
120 618
1267 794
1282 816
659 1123
723 1399
940 486
102 1467
1033 115
1348 1112
474 171
752 332
1179 486
1187 491
662 303
476 778
494 1048
413 526
716 945
1165 645
1259 1046
372 762
107 232
1182 841
691 459
258 912
1184 285
613 348
291 102
46 76
460 839
809 930
346 830
1011 746
220 362
642 690
895 1330
1477 155
1103 278
1487 462
170 508
1275 467
1148 270
1412 548
1006 1472
1427 318
1309 1185
1099 1306
1210 607
542 690
945 534
475 73
913 742
1436 1140
1271 78
1065 938
1379 415
970 1364
279 17
562 1354
1287 1228
603 608
135 766
618 597
987 298
167 927
33 326
856 69
1213 801
363 777
31 754
91 1441
776 109
469 1464
842 1218
281 1145
720 523
275 925
1105 152
1192 705
1446 594
226 362
1120 504
780 1414
312 48
1298 1211
1049 77
1292 1355
190 295
78 1466
1093 1460
93 766
503 534
74 332
631 1062
1201 745
723 1459
239 736
831 730
1047 1307
1344 47
1212 675
230 1464
952 274
815 946
780 404
1279 232
1326 517
455 964
1063 1478
864 366
80 40
821 632
407 628
787 1065
1262 905
59 885
7 985
723 485
907 1002
213 1315
1242 150
642 418
1111 164
510 35
1231 100
700 579
1320 1127
110 1124
107 1450
99 470
1336 829
1326 1173
512 46
919 1353
1051 556
1311 1424
806 908
413 803
1386 432
719 497
1499 19
274 865
463 752
827 720
901 1453
1370 1302
1482 1158
1129 1048
990 847
451 433
829 662
407 569
998 1222
817 569
1393 5
1253 620
1217 1143
966 39
111 371
76 979
526 220
196 319
720 1435
73 665
1128 964
193 1238
743 258
663 321
1020 971
1072 796
678 32
896 199
1166 965
897 1063
916 154
331 1232
401 174
165 675
1374 660
377 207
548 57
763 929
850 1494
110 23
756 1367
885 1465
592 1119
53 552
554 564
930 545
87 479
428 85
1124 572
858 1423
72 298
1376 1379
299 1375
1020 815
761 728
644 1293
770 461
459 1453
1291 336
744 21
21 106
171 745
387 437
76 1416
973 506
846 516
1246 1273
1027 1408
1359 1251
1067 353
1140 531
532 520
804 639
487 36
235 211
606 1471
135 342
468 570
1135 828
1346 878
694 805
636 969
400 548
137 1104
746 151
709 686
404 870
1279 1124
654 1389
1190 1236
395 291
1396 1109
410 76
1203 1165
1180 895
560 537
1459 1037
284 732
683 572
472 1438
1144 462
742 1183
261 278
300 972
1138 1085
726 362
983 892
1232 1331
1330 465
517 1171
384 168
251 999
189 361
1036 1371
182 280
132 347
89 1190
568 728
967 456
1146 579
1109 1095
217 2
359 209
1500 517
1302 1092
62 779
635 1169
477 229
426 1321
1045 152
321 1494
1314 1005
1151 387
573 1233
1257 887
281 173
230 789
1342 528
1130 1202
988 261
1142 956
372 135
1474 1143
1415 1000
203 863
267 1304
1139 59
147 1177
143 252
696 325
731 331
844 1321
154 1436
86 275
19 853
1414 1244
1409 206
39 1094
310 1110
918 1422
1046 829
463 1017
1294 844
187 711
120 1134
429 340
1358 1317
657 924
29 202
237 38
1367 667
1424 235
904 141
210 1223
1420 1363
525 937
471 459
701 941
1059 1242
422 42
878 30
322 824
1471 1150
1220 219
992 653
1388 74
633 674
1096 584
1170 206
84 1300
947 1468
949 328
990 893
349 690
828 168
1267 191
457 1085
477 37
274 908
214 281
175 752
437 100
891 926
436 232
492 997
1418 812
402 264
587 210
1103 670
584 834
1108 1061
69 1265
1138 593
552 946
835 942
498 519
1202 362
587 793
834 1499
879 702
1397 1255
1022 960
663 365
12 1036
1306 225
1386 1407
1026 1385
105 956
444 496
1260 733
1091 878
1112 177
686 1243
846 792
772 992
793 1106
155 872
1261 155
475 657
480 95
1084 394
39 405
1324 126
79 544
142 885
1368 1287
1347 1113
276 1339
237 1054
525 1198
1131 1029
1471 1140
279 889
1053 17
951 800
924 510
416 908
133 1281
1364 792
127 392
238 1499
697 212
1273 1320
1388 1420
453 852
742 1072
955 256
1139 1086
521 494
373 879
1070 1228
958 743
1273 401
1062 954
623 918
314 1451
484 225
125 1319
1407 443
1028 674
926 594
1417 434
907 342
953 314
878 22
250 283
679 148
876 588
117 902
1025 299
196 1059
635 757
371 599
82 1132
154 1201
952 691
240 634
1277 268
263 1480
496 277
1088 960
1268 486
492 1039
151 1179
1405 340
24 1155
1294 296
1013 434
635 1306
554 886
1287 1085
600 1395
472 224
853 1018
1419 888
783 16
632 1441
565 951
590 655
436 483
1083 42
1369 321
747 731
1304 189
250 679
1083 527
446 1362
89 1047
1190 515
980 1088
890 305
1258 657
233 748
833 1354
422 1024
1064 805
91 232
1172 58
1 1492
1291 316
937 1198
762 212
138 1071
217 745
955 58
1298 1344
1303 1494
1294 912
355 809
1321 83
301 447
546 1284
1360 36
351 586
619 229
687 196
1156 494
1243 307
736 22
961 1421
319 800
253 611
907 244
195 80
1206 206
830 235
1413 996
1074 896
814 475
128 87
1284 616
635 1294
610 344
730 1391
482 304
1477 844
327 587
1093 178
1065 1363
194 1044
1235 164
718 620
1306 1021
1021 1453
870 1469
530 704
791 348
709 1164
245 676
1481 1253
1485 273
102 1119
1017 666
1373 793
260 686
452 1275
133 59
396 258
938 103
1436 339
388 1041
1057 148
410 942
749 1064
812 895
720 564
353 1187
1418 1178
453 1165
89 70
64 328
334 417
331 1378
970 1251
556 1330
1412 802
339 663
1114 759
672 853
1050 731
91 26
530 1082
424 1324
1051 1167
995 965
770 1396
1050 1346
1013 1409
544 423
178 518
284 453
190 973
1324 95
111 1448
855 207
1322 50
241 70
1124 1006
692 144
1431 71
1468 823
1134 568
862 557
1090 1357
610 46
38 385
1215 128
656 867
88 824
314 6
251 399
1478 541
240 1159
581 291
712 594
62 730
645 832
132 1013
1383 773
723 1230
1160 109
937 65
617 1346
187 898
1182 798
1109 248
1082 412
1174 372
121 638
844 1161
719 958
944 382
604 544
1332 183
1422 896
1316 146
879 688
1127 1047
941 434
1152 376
460 424
495 11
999 1312
1309 362
973 561
226 617
127 859
1067 1160
726 475
919 51
1220 409
1014 1372
1007 569
1229 1093
816 1057
412 511
83 1074
1091 156
582 254
1024 974
435 194
904 932
530 1251
912 1101
700 597
1193 1117
949 886
702 322
838 246
1230 236
1051 714
1321 1411
1016 576
1132 69
341 977
702 825
207 515
1426 653
1204 1427
1455 135
517 349
74 900
709 1484
1009 1059
722 428
484 787
136 1239
224 584
26 722
472 656
717 307
467 1175
38 1210
1203 600
600 516
1162 94
474 125
99 1446
528 445
808 1297
563 534
714 1325
237 1304
1460 433
188 1265
579 1349
579 154
187 1436
736 680
516 866
854 481
493 207
1170 1284
920 322
367 1100
211 1394
1318 191
8 1208
1205 916
858 763
380 1418
41 104
227 17
971 668
1161 532
514 819
277 123
399 102
514 146
808 1122
115 1364
574 1359
501 741
322 563
566 1418
742 276
1286 1354
562 898
1389 1479
671 577
1229 1089
210 599
863 1077
823 1305
1213 1488
1151 1459
1091 1238
1494 849
1181 735
1479 293
1029 990
925 1072
893 709
963 234
1225 709
1381 1022
411 1381
986 1120
783 316
701 1240
285 552
454 471
43 1309
812 670
1479 434
1171 573
1480 645
214 1150
494 79
183 637
1323 462
437 5
730 652
592 1068
391 648
961 732
1049 1039
339 322
1150 1251
609 1276
573 311
955 852
1486 1236
908 407
186 1021
278 154
200 1079
916 1181
767 1354
644 1406
717 216
22 1000
1130 112
1046 197
1019 1323
1210 1269
195 1051
255 1353
1295 448
1299 639
372 53
419 1359
805 488
1140 351
155 152
625 866
474 1500
1297 666
1456 394
1430 803
689 869
1182 400
133 547
864 72
332 305
168 1040
256 653
1399 847
16 201
671 464
1085 1421
886 458
552 817
1190 247
261 969
466 1374
332 1068
1226 1407
941 278
203 1166
1293 1203
852 1262
1123 1236
639 817
313 1120
800 748
1145 461
1022 317
1097 661
586 383
244 1165
229 194
1212 820
871 447
1012 14
195 224
1440 1118
475 1279
617 670
911 522
613 65
598 1429
487 430
1136 488
1409 222
1271 1142
1473 955
322 94
115 1354
519 693
972 1096
272 511
870 1175
745 1067
1021 314
500 1085
362 695
1332 973
363 694
822 154
4 644
1467 712
477 46
664 1207
576 1012
1176 886
80 113
1080 393
334 663
588 448
595 1357
500 364
1089 53
411 98
94 853
692 974
1257 1040
625 522
1200 766
439 1309
1373 789
401 1474
1465 429
943 1072
1076 767
734 207
716 512
439 1302
1069 831
796 1236
1366 1282
534 1444
1033 920
2 1461
200 962
264 261
1024 1326
1309 118
122 181
366 587
334 71
718 586
1375 515
1271 1426
1317 871
504 1026
733 130
818 1395
188 192
1161 879
155 9
685 9
792 1413
570 690
913 1278
533 1313
335 561
379 1291
1183 1126
882 353
1091 660
108 821
115 819
1194 495
74 666
1469 86
859 302
675 86
181 987
408 1271
568 404
308 959
800 116
1361 1490
369 628
88 1281
891 338
1234 683
802 43
488 1246
1032 45
97 1354
722 1261
641 609
1437 1136
1102 155
1184 1015
734 72
443 17
1114 1309
777 327
1132 498
959 1189
563 887
447 1271
1211 1487
895 935
1021 417
1274 829
917 784
548 1095
985 345
1224 1342
535 533
1468 443
389 336
1368 53
189 876
1280 1148
332 416
574 1245
550 395
990 338
1023 1468
1160 1473
266 401
745 1247
946 559
20 389
613 1062
572 471
247 620
1223 1160
864 1373
81 799
830 1467
573 481
873 1480
136 155
186 660
642 1183
383 1337
501 125
1427 1220
770 932
1051 211
946 1075
548 672
1037 523
689 33
1329 371
403 445
700 267
727 588
643 1187
402 1111
100 972
1392 52
1030 409
927 1467
39 523
1112 871
271 630
1462 1463
124 1044
129 1487
1237 1245
1452 1469
579 1165
839 904
813 131
866 896
32 378
345 1096
289 1427
497 647
1260 486
737 1268
1221 909
914 1146
1076 451
258 1449
1429 1367
702 12
1116 945
943 84
1077 553
1052 460
227 602
479 658
744 1320
1234 1417
547 964
961 1081
1320 448
1456 777
854 1227
86 160
346 179
927 417
645 566
318 40
892 803
948 1292
539 1227
331 255
626 188
345 856
