1000 3200
67 643
417 783
936 563
982 35
111 772
766 616
500 804
878 30
944 941
417 420
334 346
66 302
217 704
298 816
965 961
386 746
787 46
622 769
141 658
427 695
333 504
267 663
360 578
559 529
285 350
968 943
698 970
790 838
58 845
325 314
958 212
423 163
615 542
620 505
131 910
533 284
322 667
448 594
162 46
254 81
133 546
163 899
39 201
877 954
75 112
128 428
190 829
762 804
57 458
789 892
185 600
68 578
977 466
554 283
767 806
280 376
157 486
485 10
178 830
569 124
81 92
804 602
811 667
949 804
445 885
216 973
164 524
249 246
526 372
32 245
117 471
907 493
857 896
119 138
512 159
564 712
219 639
653 922
51 597
478 686
943 681
687 930
503 995
749 849
525 120
533 634
230 670
357 900
556 264
955 285
17 11
8 973
957 871
176 112
218 507
800 365
538 467
693 85
219 842
694 835
859 714
911 247
204 47
807 459
408 847
585 596
247 719
505 52
95 174
79 538
699 297
317 147
49 634
427 904
903 407
663 546
739 420
222 521
214 262
386 420
396 667
305 354
334 137
108 984
759 198
270 209
957 887
385 729
123 334
787 989
727 549
685 213
706 771
728 531
513 991
177 425
329 510
112 985
989 630
327 698
403 858
862 770
535 209
313 196
232 489
373 87
441 645
247 959
629 566
891 996
432 925
215 505
846 928
708 52
501 81
123 9
810 335
169 509
54 213
364 27
679 782
487 82
372 583
287 794
704 870
377 274
381 772
488 85
412 241
498 263
734 890
910 627
91 79
709 356
212 863
752 89
594 666
136 2
426 772
194 624
457 12
57 364
848 252
939 975
322 532
590 464
136 969
556 148
684 800
202 880
785 140
645 641
936 357
29 12
87 131
814 241
739 588
2 905
398 106
462 382
699 650
794 641
727 749
381 63
357 477
574 290
629 40
166 332
490 838
579 420
416 98
444 330
732 459
489 177
676 86
906 899
492 210
624 924
110 174
159 752
204 354
952 437
677 574
389 203
873 855
901 675
53 628
834 467
945 752
996 103
403 962
71 512
481 594
299 579
463 706
117 484
648 942
666 812
939 770
341 683
526 923
814 365
217 187
187 116
215 859
206 241
379 519
711 596
272 948
737 17
543 320
935 420
442 15
249 546
506 669
3 594
720 322
840 220
704 761
160 634
709 439
3 796
484 557
535 919
300 183
563 787
686 509
747 613
665 614
438 413
544 332
310 148
555 95
204 109
888 849
863 268
918 415
476 609
672 894
203 636
829 978
103 580
806 281
138 4
723 46
174 824
298 832
148 947
957 53
834 43
722 466
858 156
666 977
916 163
980 360
328 296
949 775
387 225
393 159
149 427
354 882
598 834
93 258
358 985
681 772
360 174
736 145
163 326
102 579
818 584
519 804
477 838
580 783
147 695
517 181
271 605
620 961
58 137
330 716
733 644
312 594
119 793
39 931
245 697
703 942
879 634
480 88
170 590
470 977
819 103
827 903
450 152
914 386
102 67
489 327
19 699
260 627
146 333
319 387
27 77
275 52
1000 719
133 91
880 271
193 97
542 700
549 394
85 573
955 526
483 601
128 228
915 315
766 742
183 366
839 592
885 168
954 162
285 886
824 709
33 992
154 649
160 880
485 241
28 263
793 16
156 353
884 570
76 48
896 579
673 608
444 137
646 560
201 788
41 820
978 849
9 255
584 904
216 177
20 545
585 508
803 755
279 582
469 522
106 844
547 542
763 911
554 134
593 734
806 713
779 848
99 440
139 949
543 899
959 267
112 922
512 485
689 911
215 183
677 267
565 39
443 801
303 272
169 207
460 62
889 987
210 939
768 421
710 358
920 436
341 963
300 506
22 261
486 913
527 696
379 5
964 362
136 291
847 825
866 496
436 807
895 924
253 700
645 749
960 154
431 85
16 223
702 945
779 794
552 460
985 299
522 949
769 929
6 713
650 847
802 657
160 122
599 103
25 380
468 398
81 401
619 178
343 143
11 403
901 933
577 514
559 810
134 330
398 250
262 533
672 754
709 862
728 50
105 371
851 869
51 355
217 552
857 815
382 959
500 559
958 416
578 304
424 691
319 395
222 224
940 985
575 105
900 799
686 527
844 838
255 697
290 624
467 453
347 862
897 50
21 609
974 874
900 324
956 40
260 405
567 141
904 66
725 598
264 671
35 377
574 881
966 35
155 225
882 337
115 949
355 935
3 263
426 826
216 333
736 600
219 636
709 681
848 539
190 70
271 195
229 316
383 143
917 694
698 192
466 832
21 472
927 271
452 748
243 685
528 356
548 752
534 383
881 916
292 934
743 502
965 607
173 951
686 532
243 126
47 576
177 954
747 594
486 860
954 806
810 750
165 685
378 519
624 953
264 307
585 546
859 13
972 657
228 777
227 221
282 424
408 444
924 109
808 242
609 640
672 694
963 216
784 875
417 563
983 670
998 707
905 434
715 865
494 609
206 184
78 650
574 321
65 877
573 96
544 109
575 694
349 187
990 164
372 750
57 188
185 875
171 359
257 426
192 458
311 245
374 448
638 524
866 191
381 973
939 103
125 654
366 243
303 572
635 568
242 397
893 338
882 922
828 896
473 112
876 334
783 862
451 739
635 813
104 49
798 845
792 708
549 102
670 648
433 655
93 293
36 169
727 598
804 182
965 344
216 850
54 175
846 272
609 117
125 754
439 549
833 622
855 882
640 443
875 413
215 755
13 92
724 685
559 193
759 43
531 116
975 763
715 806
16 803
473 531
492 848
226 988
85 448
805 985
53 432
73 182
702 709
497 612
605 830
595 990
632 906
428 18
68 740
555 189
385 298
121 822
449 863
20 301
228 484
271 767
269 591
59 737
526 867
99 389
305 755
244 496
389 189
514 247
641 434
969 429
624 118
86 721
36 832
583 66
15 904
835 370
598 206
333 4
899 98
829 848
778 874
117 857
71 326
597 389
668 266
58 771
984 136
352 851
622 53
877 501
278 901
33 327
179 332
94 49
609 783
147 308
307 870
30 862
799 765
438 421
951 420
624 601
291 744
358 724
903 92
69 464
926 681
353 559
978 784
249 76
22 821
968 975
502 690
1000 938
771 972
754 712
119 849
175 444
952 847
993 743
904 777
528 454
948 466
237 380
788 149
404 433
82 626
660 950
303 546
248 157
265 427
212 21
633 268
919 968
949 867
602 201
977 205
827 609
408 495
81 495
232 774
872 607
314 127
42 220
976 917
198 226
634 626
434 496
777 160
769 980
846 742
982 285
805 737
742 711
452 22
231 997
761 776
665 226
816 770
389 666
117 547
479 497
313 79
994 678
667 773
341 429
781 925
384 67
396 999
252 181
300 316
990 372
654 35
501 58
270 516
429 58
648 446
919 961
812 316
421 497
245 120
953 402
474 384
512 515
87 884
253 662
611 496
17 196
800 12
932 840
340 57
822 889
554 250
720 878
194 274
283 980
626 130
219 603
521 484
544 551
986 107
690 361
302 636
785 673
686 137
636 735
756 214
217 416
619 635
705 324
749 722
379 899
87 983
893 582
22 722
760 422
184 609
66 729
223 448
722 643
985 625
798 709
763 973
741 834
554 30
513 228
472 941
960 187
763 470
947 838
77 865
57 187
923 567
917 98
489 980
418 49
227 806
408 785
901 665
629 216
2 989
966 179
703 427
282 920
785 244
411 400
202 443
85 801
199 605
854 815
165 671
293 600
644 152
35 502
163 514
447 899
810 705
967 784
736 61
428 939
989 95
895 816
367 874
822 485
208 989
570 243
272 349
594 770
173 274
829 914
993 635
85 487
26 13
496 663
816 119
310 851
910 958
586 149
994 467
573 725
351 623
832 763
783 234
397 800
453 926
514 592
291 32
764 848
903 390
609 452
145 266
667 31
790 904
248 975
958 423
973 272
232 52
488 766
623 937
606 695
825 1
396 622
409 601
32 118
897 950
445 804
874 556
66 616
572 148
225 389
588 832
984 145
658 464
463 665
673 457
951 227
336 533
355 604
152 127
765 695
665 451
216 387
109 437
904 510
904 43
438 1000
665 676
896 626
640 685
760 884
765 188
995 932
733 697
852 656
778 288
168 248
70 291
215 884
909 744
406 383
135 85
386 933
423 826
329 264
390 183
460 866
683 910
123 114
468 808
927 411
998 649
774 706
176 506
813 995
287 706
622 671
319 910
147 828
552 45
228 873
326 67
724 65
167 797
553 840
695 322
194 17
977 671
442 267
252 776
459 433
207 940
433 575
211 294
377 842
191 987
869 533
66 84
789 956
909 412
329 944
273 835
850 138
332 700
362 394
767 419
678 930
588 455
547 61
271 153
308 646
936 195
855 590
432 625
970 27
553 708
323 27
763 86
667 953
133 976
51 815
398 397
76 231
301 650
502 862
662 545
754 428
832 103
115 655
452 720
662 780
698 31
236 452
428 951
996 158
906 629
354 525
20 308
336 98
171 316
662 476
249 669
104 890
381 37
910 605
353 40
336 736
894 116
596 351
235 449
765 964
626 679
445 782
715 395
219 308
975 632
218 165
601 862
326 252
537 212
827 583
569 895
544 430
646 88
760 620
855 739
483 96
724 37
824 113
766 538
564 654
445 170
193 960
989 605
967 247
704 735
782 995
733 239
912 412
411 464
914 921
662 120
234 798
83 505
320 307
659 261
288 945
264 893
435 656
389 517
151 126
745 602
17 517
684 663
148 248
600 152
70 681
731 34
683 826
39 775
93 422
84 726
388 4
70 151
622 811
479 359
580 653
970 702
104 87
463 401
36 521
576 448
70 95
843 61
69 454
382 430
627 780
935 737
936 672
452 688
258 753
640 32
536 110
147 812
944 911
316 327
438 828
657 41
583 120
480 922
214 471
354 943
736 968
308 738
84 803
955 639
678 574
956 578
876 295
494 601
764 458
689 955
296 782
111 11
105 481
828 480
515 182
650 679
562 840
501 814
63 268
74 526
41 130
214 180
38 518
684 628
120 466
234 441
629 13
163 826
964 669
776 738
948 406
421 892
575 515
17 690
180 955
259 266
339 45
907 160
37 608
842 345
896 936
804 580
533 163
988 348
312 939
917 838
67 480
267 728
573 378
561 733
821 765
912 163
389 706
226 983
465 910
546 91
305 135
456 809
183 894
715 826
131 312
545 66
5 255
243 223
684 78
43 948
451 617
390 914
837 269
69 253
495 281
828 98
887 596
451 205
834 881
428 902
232 576
660 845
470 98
859 304
361 532
573 984
611 443
2 605
156 653
36 714
875 97
173 487
510 119
251 484
816 815
161 610
252 283
962 741
753 891
74 786
386 921
466 129
923 193
10 715
649 544
431 253
934 249
519 271
372 768
523 7
539 403
903 370
657 751
856 461
720 34
305 380
871 693
241 311
85 832
628 110
447 392
258 896
576 142
257 355
996 871
137 771
490 368
595 997
742 64
451 849
815 440
417 682
255 559
618 98
874 340
25 51
506 414
228 809
286 699
230 530
237 27
165 416
236 449
134 694
630 72
556 895
61 538
732 183
304 499
522 702
144 712
323 185
615 592
754 300
125 356
736 482
274 94
884 223
420 397
366 56
270 389
686 725
59 273
23 261
113 757
81 973
829 961
596 553
388 675
950 817
733 67
526 786
617 200
771 111
765 984
94 69
441 398
59 607
989 108
519 188
106 841
623 401
939 113
873 586
267 176
635 949
329 300
803 907
104 738
508 643
70 994
70 108
751 242
594 952
606 17
897 124
34 529
684 118
565 212
132 104
523 374
332 425
709 40
223 202
900 366
982 21
213 228
3 940
634 836
915 309
248 494
293 121
976 859
999 898
872 317
310 319
255 314
265 115
247 786
897 918
497 7
280 86
152 502
553 721
354 856
348 367
826 545
291 122
341 140
509 151
107 500
293 835
391 807
362 31
895 554
386 192
719 851
694 323
921 648
334 1000
1 746
923 958
834 694
932 958
863 942
356 933
594 852
920 643
685 427
255 322
708 53
714 353
717 855
632 514
913 715
495 714
373 54
340 980
708 354
607 104
887 938
734 478
986 128
721 518
277 282
225 796
331 419
961 233
49 447
477 962
809 195
583 736
134 767
992 958
565 924
965 729
650 500
7 499
236 64
911 187
468 342
702 880
177 100
266 477
589 504
723 872
495 159
840 550
345 349
16 697
901 173
656 187
399 594
970 52
371 615
494 305
566 75
881 203
623 796
762 337
441 71
719 138
398 718
672 664
848 193
217 784
569 495
729 111
88 837
261 289
44 338
538 512
16 196
605 360
495 98
912 332
913 836
890 669
897 372
308 347
188 835
976 320
873 177
561 402
876 486
593 378
859 178
938 213
964 559
296 461
77 486
507 243
514 125
738 393
324 14
810 638
613 948
254 923
572 396
855 227
125 438
758 502
376 473
420 576
261 158
952 129
102 333
665 119
958 905
845 249
965 924
65 339
76 349
589 723
877 219
645 15
400 231
628 861
107 949
534 537
460 129
152 506
759 902
833 276
162 786
870 195
59 777
790 18
231 992
98 371
452 603
290 466
468 43
150 668
517 725
661 798
816 750
50 247
688 345
785 292
244 15
552 203
797 634
528 8
435 975
476 30
415 397
481 541
301 694
352 156
24 309
10 825
290 435
381 525
984 707
624 14
527 484
706 261
323 951
652 411
750 534
995 380
337 341
233 468
72 643
338 568
1 601
616 850
544 744
457 26
194 922
782 552
537 720
226 374
737 572
364 89
940 47
507 615
242 64
892 743
160 991
292 167
771 890
346 871
942 373
168 955
319 814
17 284
3 897
85 561
90 731
690 675
471 34
439 447
605 87
131 124
144 480
473 231
613 858
890 652
555 163
981 28
811 101
417 851
858 824
331 856
384 56
489 565
515 152
801 102
359 820
952 636
808 490
223 52
757 575
771 722
154 91
943 481
577 387
398 163
235 953
94 311
579 562
446 920
944 202
176 322
884 565
684 572
139 44
957 938
386 503
337 376
213 279
679 64
977 170
702 392
473 379
580 991
584 656
72 668
335 124
729 365
19 514
985 486
327 805
172 214
639 494
766 674
912 986
391 42
825 838
401 979
115 833
74 979
264 137
710 503
967 999
201 4
52 751
839 202
764 77
441 220
606 792
62 442
131 615
859 195
385 668
896 627
903 690
937 372
434 192
529 883
825 48
912 528
726 248
562 806
47 804
416 310
329 30
59 271
454 706
442 822
378 830
913 308
787 964
612 283
865 400
526 34
592 633
759 742
236 871
795 654
975 570
826 855
805 233
419 520
169 943
78 734
975 383
510 257
916 311
616 841
280 732
527 944
659 258
218 965
232 373
508 362
550 602
481 244
984 815
630 312
267 149
281 259
801 277
70 978
644 25
548 191
355 547
185 369
117 566
344 34
815 400
1000 817
978 765
264 876
768 582
12 533
441 286
144 241
936 353
306 236
529 44
81 492
719 597
983 832
763 341
769 300
541 489
896 168
667 566
142 171
14 730
709 840
89 460
339 39
911 342
258 65
331 945
970 920
955 22
229 619
93 507
703 630
417 65
151 832
228 152
157 562
530 846
696 651
309 916
116 528
710 866
294 764
13 945
46 667
598 354
63 782
311 130
934 407
905 446
49 489
478 311
428 497
78 908
775 153
906 39
300 99
772 437
111 898
741 903
219 939
136 518
451 140
320 416
829 529
919 840
198 87
433 473
154 443
374 283
576 295
385 356
299 657
986 460
735 295
884 316
475 959
13 825
186 277
728 711
334 411
827 345
540 839
314 705
613 878
86 730
557 795
956 533
96 625
699 226
517 52
16 326
881 965
622 980
891 542
847 503
970 980
450 951
339 223
547 719
159 299
835 398
5 135
532 378
252 939
706 922
139 530
913 712
581 211
311 78
17 51
689 419
838 684
61 537
192 983
758 863
224 218
196 827
35 564
727 838
908 54
259 623
609 356
552 895
797 966
382 603
843 683
973 228
618 482
387 874
22 129
777 131
321 162
696 948
590 93
861 4
783 936
60 292
267 422
116 936
828 515
89 432
475 86
119 839
567 852
608 622
79 935
639 152
39 673
818 83
439 504
956 103
171 72
266 789
776 886
991 537
54 159
639 831
848 672
250 301
520 784
358 334
580 200
44 310
993 942
183 340
736 507
949 459
487 858
130 172
764 41
931 214
193 457
725 617
192 805
891 787
723 452
524 961
39 187
82 648
610 628
248 912
629 725
567 615
786 138
651 970
227 431
993 13
864 357
698 866
476 682
671 885
241 307
55 59
660 668
977 275
9 634
889 296
768 410
57 570
679 157
989 233
374 332
853 902
720 972
186 127
334 403
430 615
907 125
100 575
289 836
631 798
483 844
191 333
985 352
28 871
135 333
121 184
403 7
201 245
780 128
436 874
702 581
316 34
165 19
552 113
975 526
23 837
279 533
64 632
819 484
667 580
576 977
354 308
715 362
807 420
17 46
523 349
218 967
54 710
914 994
631 542
970 213
211 29
595 364
248 565
511 880
737 276
878 288
322 356
913 942
518 823
358 336
352 555
226 457
949 729
507 945
885 996
730 15
332 26
586 395
311 269
3 753
584 51
369 357
986 347
805 935
259 862
681 999
654 266
771 83
883 694
747 658
189 876
913 686
599 495
356 70
649 651
943 458
127 516
830 165
639 563
401 166
33 964
819 426
990 17
600 21
317 721
894 810
750 847
381 626
306 121
964 226
485 379
681 489
866 795
497 584
897 554
914 104
921 570
557 400
746 112
166 586
288 443
659 968
99 841
199 871
822 603
424 92
873 889
269 482
880 528
57 377
707 133
760 857
84 137
635 93
140 618
623 233
413 8
206 591
96 56
635 100
597 655
699 284
691 382
465 214
822 872
651 197
346 380
559 174
758 138
744 69
216 370
829 560
888 80
153 26
932 954
159 633
156 7
708 813
649 824
728 601
928 498
874 588
414 641
134 444
260 60
528 281
846 967
344 303
484 839
569 512
122 263
447 429
105 406
324 76
282 948
219 701
9 595
772 984
844 528
510 698
983 407
587 74
731 774
434 340
553 979
981 180
513 977
374 89
127 613
369 864
957 252
804 712
455 864
846 710
894 916
916 606
400 699
470 184
399 922
64 690
25 713
363 50
276 356
23 854
983 405
623 358
864 999
53 972
234 524
50 983
153 949
784 480
61 471
683 736
208 308
906 512
405 765
146 33
914 926
676 606
512 575
815 128
26 219
237 962
893 310
790 907
534 35
750 271
594 273
682 246
341 592
332 105
779 379
214 930
256 477
820 866
631 933
630 137
291 706
332 300
556 472
926 481
282 847
651 573
705 672
879 623
813 203
420 910
812 311
902 434
459 66
145 799
337 300
706 737
336 21
14 748
925 775
770 592
968 324
529 618
179 250
636 162
465 335
949 508
744 836
1000 128
10 15
543 207
701 519
631 670
667 490
666 207
281 500
90 18
493 672
629 281
879 604
271 554
965 945
401 620
395 742
751 484
722 911
112 534
878 443
949 71
617 204
371 718
482 444
103 428
84 361
397 76
745 347
54 877
811 759
963 108
163 334
851 868
737 608
150 866
95 944
158 464
347 21
918 465
967 919
482 381
296 128
486 158
796 109
207 600
329 266
523 975
24 431
447 534
525 226
159 929
661 908
706 764
848 564
796 770
749 754
352 328
15 974
748 323
130 533
907 584
673 722
674 366
532 370
142 628
884 148
844 87
963 238
996 276
936 221
200 98
422 292
292 608
453 166
241 7
922 279
282 79
823 149
712 562
819 2
992 185
941 25
116 348
464 851
384 696
258 146
27 52
158 392
334 454
149 238
224 288
424 24
417 728
591 334
634 991
596 695
504 132
150 773
84 359
707 681
179 112
288 259
876 377
704 429
962 988
973 988
162 883
969 458
344 561
614 829
142 216
151 330
639 286
294 573
64 409
312 677
644 1000
327 247
50 959
390 293
115 221
121 482
720 151
966 289
55 3
359 952
640 943
350 307
812 356
484 873
574 425
978 804
992 229
506 558
556 825
120 392
182 58
118 48
769 89
902 238
490 865
119 788
237 20
639 539
891 939
157 385
335 977
482 43
393 58
784 412
103 141
379 646
9 291
817 282
380 338
343 45
544 353
17 186
744 433
39 455
196 525
83 88
271 275
678 388
968 135
947 789
104 214
228 492
892 606
398 45
829 179
934 463
65 61
5 760
674 310
153 2
501 494
354 225
510 169
500 851
792 501
610 437
674 494
307 885
582 577
372 465
596 531
396 261
855 974
859 892
244 920
159 639
33 115
395 307
381 150
958 461
892 586
214 871
632 568
835 292
282 671
575 934
362 956
529 224
667 467
188 728
376 672
814 343
472 551
957 109
419 351
143 259
250 211
32 369
499 166
608 698
650 243
172 110
12 656
213 153
209 308
426 180
692 115
454 607
952 853
120 671
360 543
220 305
798 588
162 976
501 157
1000 602
794 541
658 916
635 474
402 865
142 654
836 926
518 939
992 437
57 962
290 300
144 139
436 672
425 320
532 502
566 554
963 21
277 701
854 542
522 893
132 191
79 52
510 409
885 977
919 358
829 712
205 568
914 193
115 450
970 400
896 524
325 506
29 485
116 753
909 443
168 37
515 978
587 440
366 837
526 198
306 408
759 826
926 313
16 399
657 744
227 210
838 384
112 306
305 41
780 615
301 340
270 670
743 91
186 148
153 186
875 716
801 142
793 919
848 639
999 92
543 676
943 526
769 188
965 386
480 251
191 96
838 218
728 198
84 407
349 895
445 195
73 783
628 629
331 495
689 914
616 248
331 381
816 513
929 809
624 319
817 194
724 897
652 329
648 666
884 821
502 791
647 370
962 792
593 456
223 950
498 773
822 482
658 13
499 725
386 887
534 819
161 462
208 608
206 192
335 762
571 243
24 338
989 982
86 278
77 725
775 569
651 116
775 51
236 738
600 110
36 825
841 741
932 166
924 711
290 588
301 811
645 599
248 426
534 69
694 915
41 52
745 530
853 109
837 853
859 741
675 4
603 792
394 79
129 930
607 577
24 568
257 781
690 830
459 338
167 433
737 519
23 570
345 899
136 184
573 426
397 221
238 134
638 726
748 969
331 895
445 470
853 444
121 282
365 894
896 747
606 642
871 46
139 927
238 634
861 38
751 947
798 392
753 618
522 325
158 688
693 717
80 542
552 797
13 561
406 761
751 715
394 30
454 592
86 287
543 585
716 633
343 237
90 485
640 966
464 58
584 651
948 567
604 837
225 473
254 508
631 421
168 697
905 697
545 394
135 330
830 489
720 199
521 756
377 745
268 75
500 157
688 417
409 133
566 289
302 583
370 653
933 878
246 538
338 508
909 830
137 251
123 977
216 228
664 602
843 434
964 237
494 618
836 684
966 617
965 724
542 503
91 168
283 151
35 473
722 93
13 418
521 761
898 569
879 481
352 519
748 830
5 132
140 207
96 290
86 740
256 858
33 876
349 863
733 274
541 127
915 848
28 818
295 85
87 677
709 983
369 887
431 225
621 831
958 452
240 216
816 734
344 296
191 611
278 191
411 299
720 517
601 937
827 830
44 968
72 601
36 25
701 729
310 928
997 796
296 647
744 580
781 350
590 536
758 880
216 244
522 292
483 51
294 286
987 393
931 665
688 535
517 163
538 707
881 262
269 879
334 854
785 643
182 853
807 965
806 124
706 755
352 335
693 525
333 589
786 588
698 950
227 560
139 219
273 126
717 569
528 323
74 899
245 807
801 25
260 861
736 47
491 99
263 525
168 129
890 304
208 638
664 113
430 651
214 282
502 930
469 202
817 762
352 372
707 614
996 161
668 394
274 619
520 290
695 975
677 440
960 656
940 904
729 958
386 705
24 703
868 533
133 220
828 632
460 746
705 75
204 622
478 78
943 983
169 814
943 430
371 636
369 889
366 804
65 376
624 106
842 671
722 948
425 112
992 801
495 26
441 94
493 496
731 924
114 473
280 188
643 457
774 998
588 236
631 488
248 411
226 370
161 699
916 850
596 244
162 768
504 418
299 63
614 857
745 925
589 698
705 254
405 274
653 265
392 730
156 362
596 312
819 648
390 296
415 657
502 812
484 187
884 27
949 339
99 435
561 115
130 234
196 191
813 21
317 722
280 295
150 292
119 504
357 356
140 607
262 802
951 402
931 478
736 96
642 799
931 853
548 792
699 299
584 187
401 230
904 424
454 997
404 661
276 307
123 174
226 421
576 733
706 992
306 826
863 13
203 833
549 623
402 520
463 751
780 452
658 825
381 187
817 41
282 367
984 927
727 51
666 167
557 917
482 951
239 182
771 303
40 346
844 149
147 129
791 89
771 206
26 118
541 597
978 775
730 824
608 463
108 198
681 914
481 833
948 36
188 264
669 632
136 761
160 724
138 715
256 453
623 689
901 813
8 2
247 684
270 962
971 905
534 95
696 371
703 977
724 397
441 552
470 810
53 15
294 533
54 640
634 623
480 153
629 6
231 517
640 398
4 227
345 131
599 485
337 890
656 861
386 574
111 296
789 783
930 561
496 651
905 529
903 19
563 869
512 181
489 24
872 684
611 578
458 913
227 378
436 460
850 11
460 497
141 508
946 640
486 368
471 43
28 276
245 703
173 121
805 215
890 168
364 451
347 492
490 911
669 49
25 715
877 972
429 489
302 969
961 612
18 919
374 566
89 38
46 377
688 211
714 373
368 362
240 750
49 962
74 677
504 39
341 925
401 301
726 259
194 222
560 67
399 215
816 967
82 239
894 384
565 454
401 313
686 783
326 770
129 494
295 653
640 155
825 5
170 572
737 912
242 578
171 516
82 771
859 883
327 569
580 706
338 182
978 83
436 375
151 843
579 113
695 172
312 469
119 508
7 375
804 939
704 113
926 611
98 619
19 843
474 982
99 969
620 743
514 120
36 845
949 439
969 358
265 458
86 318
69 627
813 316
219 225
661 670
658 143
56 305
266 265
502 700
649 435
102 500
27 254
734 670
656 172
447 282
450 625
851 306
724 198
569 15
229 44
25 854
905 46
142 891
21 459
717 207
630 11
552 832
490 705
606 89
910 794
738 456
150 678
830 302
337 697
332 109
34 61
537 40
907 392
121 956
161 625
753 257
645 243
818 133
830 83
555 107
53 198
147 966
717 511
569 441
364 239
238 251
786 331
763 365
609 394
337 593
13 853
571 866
503 316
825 813
927 388
314 496
132 419
556 413
956 911
945 122
462 581
502 107
591 300
100 734
658 408
710 411
359 126
463 317
213 58
575 298
611 12
442 794
893 631
426 915
124 555
163 13
493 121
416 362
508 806
772 816
402 928
741 535
433 314
46 160
988 936
152 29
670 738
327 302
790 149
794 104
934 10
756 43
523 896
351 715
549 75
830 48
896 590
506 607
925 181
268 209
245 58
713 463
841 737
185 88
976 430
277 128
549 734
583 411
818 585
755 880
679 727
156 629
895 170
662 781
974 380
404 543
604 175
497 73
817 573
61 988
310 70
70 651
834 579
852 507
154 588
818 768
457 528
859 585
442 730
175 454
56 509
886 674
820 347
242 201
827 599
352 805
946 853
119 271
25 276
296 622
154 584
835 599
269 475
951 892
658 640
575 838
155 717
119 586
74 788
714 965
184 288
366 515
256 429
668 455
3 495
29 531
438 631
556 10
959 970
36 290
700 216
675 856
961 44
529 583
734 916
785 599
660 186
319 217
928 590
212 644
940 497
132 474
767 506
759 181
717 275
682 117
537 675
427 726
60 633
551 974
348 266
958 231
612 187
882 71
471 63
181 752
337 806
887 333
980 1000
174 684
566 420
162 853
713 753
239 553
368 891
818 714
545 389
692 376
226 955
429 375
969 89
458 578
24 214
782 631
994 924
485 479
354 199
450 118
355 698
971 333
129 493
169 393
31 850
396 941
513 917
35 572
86 426
378 816
158 776
506 531
805 100
329 920
758 173
225 672
163 276
934 955
915 378
646 245
592 233
435 225
316 266
480 240
63 347
732 48
225 816
952 836
487 369
297 750
283 668
868 417
420 769
895 197
624 750
492 145
89 134
124 915
304 961
248 102
720 641
762 748
40 920
217 991
190 587
932 101
264 776
462 394
984 973
74 728
486 81
156 606
463 166
735 90
974 727
523 21
455 614
164 280
744 943
599 79
146 623
730 500
861 354
797 786
291 200
143 106
55 106
288 785
734 959
489 221
651 54
196 998
244 84
86 899
806 2
601 827
662 364
141 860
63 24
362 916
356 279
226 783
217 828
742 476
998 156
564 168
490 197
858 178
641 389
131 750
26 484
928 602
124 714
568 486
690 176
351 247
774 553
902 98
183 514
576 116
430 418
88 180
472 178
804 844
778 379
354 869
530 38
489 408
997 589
366 76
386 964
661 385
715 881
204 284
494 696
