901.EXE	8	0	0	0	0	0	0	0	0	0	0	0	0	0	
902.EXE	0	0	0	0	0	0	0	0	0	0	0	0	0	0	
903.EXE	0	0	0	0	0	0	0	0	0	0	0	0	0	0	
904.EXE	0	0	0	0	0	0	0	0	0	0	0	0	0	0	
905.EXE	0	0	0	0	0	0	0	0	0	0	0	0	0	0
906.EXE	0	0	0	0	0	0	0	0	0	0	0	0	0	0
907.EXE	0	0	0	0	0	0	0	0	0	0	0	0	0	0	
908.EXE	0	0	0	0	0	0	0	0	0	0	0	0	0	0	
909.EXE	0	0	0	0	0	0	0	0	0	0	0	0	0	0	
910.EXE	0	0	0	0	0	0	0	0	0	0	0	0	0	0	
911.EXE	0	0	0	0	0	0	0	0	0	0	0	0	0	0	
912.EXE	0	0	0	0	0	0	0	0	0	0	0	0	0	0	
913.EXE	0	0	0	0	0	0	0	0	0	0	0	0	0	0	
914.EXE	0	0	0	0	0	0	0	0	0	0	0	0	0	0
915.EXE	0	0	0	0	0	0	0	0	0	0	0	0	0	0
916.EXE	0	0	0	0	0	0	0	0	0	0	0	0	0	0	
917.EXE	0	0	0	0	0	0	0	0	0	0	0	0	0	0
918.EXE	0	0	0	0	8	0	0	0	0	0	0	0	0	0	
919.EXE	0	0	0	0	0	0	8	0	0	0	5	5	0	5	
920.EXE	0	0	0	0	0	0	0	0	0	0	0	0	0	0
921.EXE	0	0	0	0	0	0	0	0	0	0	5	0	0	0	
922.EXE	0	0	0	0	0	0	0	0	0	0	0	0	0	0	
923.EXE	0	0	0	0	0	0	0	0	0	0	0	0	0	0	
924.EXE	0	0	0	0	0	0	0	0	0	0	0	0	0	0
925.EXE	0	0	0	0	0	0	0	0	0	0	0	0	0	0	
926.EXE	0	0	0	0	0	0	0	0	0	0	0	0	0	0
927.EXE	0	0	0	0	8	0	0	0	0	0	0	0	0	0	
928.EXE	0	0	0	0	0	0	0	0	0	0	0	0	0	0
929.EXE	0	0	0	0	0	0	0	0	0	0	0	0	0	0
930.EXE	0	0	0	0	0	0	0	0	0	0	0	0	0	0
931.EXE	0	0	0	0	0	0	0	0	0	0	0	0	0	0
932.EXE	0	0	0	0	0	0	0	0	0	0	0	0	0	0
933.EXE	0	0	0	0	0	0	0	0	0	0	0	0	0	0
934.EXE	0	0	0	0	0	0	0	0	0	0	0	0	0	0
935.EXE	0	0	0	0	0	0	0	0	0	0	0	0	0	0
936.EXE	0	0	0	0	0	0	0	0	0	0	0	0	0	0
937.EXE	0	0	0	0	0	0	0	0	0	0	0	0	0	0	
938.EXE	0	0	0	0	0	0	0	0	0	0	0	0	0	0	
939.EXE	0	0	0	0	0	0	0	0	0	0	5	0	0	0	
940.EXE	0	0	0	0	0	0	0	0	0	0	0	0	0	0
941.EXE	0	0	0	0	0	0	0	0	0	0	0	0	0	0	
942.EXE	0	0	0	0	0	0	0	0	0	0	0	0	0	0	
943.EXE	0	0	0	0	0	0	0	0	0	0	0	0	0	0
944.EXE	0	0	0	0	0	0	0	0	0	0	0	0	0	0	
945.EXE	0	0	0	0	0	0	0	0	0	0	0	0	0	0
946.EXE	0	0	0	0	0	0	0	0	0	0	0	0	0	0	
947.EXE	0	0	0	0	0	0	0	0	0	0	0	0	0	0	
948.EXE	8	0	0	0	0	0	0	0	0	0	0	0	0	0	
949.EXE	0	0	0	0	0	0	0	0	0	0	0	0	0	0	
950.EXE	0	0	0	0	0	0	0	0	0	0	0	0	0	0	
951.EXE	0	0	0	0	8	0	0	0	0	0	0	0	0	0	
952.EXE	0	0	0	0	0	0	0	0	0	0	0	0	0	0
953.EXE	0	0	0	0	0	0	0	0	0	0	0	0	0	0	
954.EXE	0	0	0	0	0	0	0	0	0	0	0	0	0	0	
955.EXE	0	0	0	0	0	0	0	0	0	0	0	0	0	0
956.EXE	0	0	0	0	0	0	0	0	0	0	0	0	0	0	
957.EXE	0	0	0	0	0	0	0	0	0	0	0	0	0	0	
958.EXE	0	0	0	0	0	0	0	0	0	0	0	0	0	0
959.EXE	0	0	0	0	0	0	0	0	0	0	0	0	0	0
960.EXE	8	0	0	0	0	0	0	0	0	0	0	0	0	0	
961.EXE	0	0	0	0	0	0	0	0	0	0	0	0	0	0
962.EXE	0	0	0	0	0	0	0	0	0	0	0	0	0	0
963.EXE	0	0	0	0	0	0	0	0	0	0	0	0	0	0
964.EXE	0	0	0	0	0	0	0	0	0	0	0	0	0	0
965.EXE	0	0	0	0	0	0	0	0	0	0	0	0	0	0	
966.EXE	0	0	0	0	0	0	0	0	0	0	0	0	0	0	
967.EXE	0	0	0	0	8	0	0	0	0	0	0	0	0	0	
968.EXE	0	0	0	0	0	0	0	0	0	0	0	0	0	0
969.EXE	0	0	0	0	0	0	0	0	0	0	0	0	0	0	
970.EXE	0	0	0	0	0	0	0	0	0	0	0	0	0	0
971.EXE	0	0	0	0	0	0	0	0	0	0	0	0	0	0
972.EXE	0	0	0	0	0	0	0	0	0	0	0	0	0	0
973.EXE	0	0	0	0	0	0	0	0	0	0	0	0	0	0
974.EXE	0	0	0	0	0	0	0	0	0	0	0	0	0	0	
975.EXE	0	0	0	0	0	0	0	0	0	0	0	0	0	0
976.EXE	0	0	0	0	0	0	0	0	0	0	0	0	0	0
977.EXE	0	0	0	0	0	0	0	0	0	0	0	0	0	0
978.EXE	0	0	0	0	0	0	0	0	0	0	0	0	0	0
979.EXE	0	0	0	0	0	0	0	0	0	0	0	0	0	0
980.EXE	0	0	0	0	0	0	0	0	0	0	0	0	0	0	
