901.exe	0	0	0	0	0	0	0	0	0	0	0	0	0	0	0	0	0	0	0	0	0	0	0	0	0	0	0	0	0	0	
902.EXE	2	2	2	2	2	2	2	2	2	2	2	2	2	2	2	2	2	2	2	2	0	0	0	0	6	0	0	0	6	6	
903.EXE	2	2	0	2	2	2	2	2	2	2	0	2	2	2	2	2	2	2	2	2	0	0	0	0	0	0	0	0	6	6	
904.EXE	2	2	2	2	2	2	2	2	2	2	2	2	2	2	2	2	2	2	2	2	6	6	6	6	6	6	0	0	0	6	
905.EXE	0	2	0	0	0	0	0	0	0	0	0	0	0	0	0	0	0	0	0	0	0	0	0	0	0	0	0	6	6	0	
907.EXE	
908.EXE	0	0	0	0	2	2	2	2	2	2	2	2	2	2	2	2	2	2	2	2	6	6	6	6	0	6	6	0	0	0	
909.EXE	2	2	2	2	2	2	2	2	2	2	2	2	2	2	2	2	2	2	2	2	6	6	6	6	0	6	0	0	6	0	
910.EXE	0	2	0	0	0	0	0	0	0	0	0	0	0	0	0	0	0	0	0	0	0	0	0	0	0	0	0	6	6	0	
911.EXE	0	0	0	0	2	2	2	2	2	2	2	2	2	2	2	2	2	2	2	2	6	6	6	6	0	6	6	0	0	0	
912.EXE	0	0	0	0	2	2	2	2	2	2	2	2	2	2	2	2	2	2	2	2	6	0	0	0	0	0	6	0	0	6	
913.EXE	0	0	0	0	2	2	2	2	2	2	2	2	2	2	2	2	2	2	2	2	6	6	6	6	0	6	6	0	0	0	
914.EXE	2	2	2	2	2	2	2	2	2	2	2	2	2	2	2	2	2	2	2	2	6	0	0	0	6	0	0	0	0	0	
915.EXE	2	2	2	2	2	2	2	2	2	2	2	2	2	2	2	2	2	2	2	2	6	6	6	6	6	6	6	6	0	6	
916.EXE	2	2	2	2	2	2	2	2	2	2	2	2	2	2	2	2	2	2	2	2	6	0	0	0	0	0	0	6	6	6	
917.EXE	2	2	2	2	2	2	2	2	2	2	2	2	2	2	2	2	2	2	2	2	6	0	0	0	6	0	0	0	6	6	
918.EXE	2	2	2	2	2	2	2	2	2	2	2	2	2	2	2	2	2	2	2	2	6	0	0	0	6	0	0	0	6	6	
919.EXE	2	2	2	2	2	2	2	2	2	2	2	2	2	2	2	2	2	2	2	2	6	0	0	0	6	0	6	0	6	6	
920.EXE	2	2	2	0	2	2	2	2	2	2	2	2	2	2	2	2	2	2	2	2	6	0	0	0	6	0	0	0	6	0	
921.EXE	2	2	0	0	2	2	0	2	2	2	2	2	0	2	2	2	2	2	2	0	6	6	6	6	0	6	0	6	6	6	
922.EXE	2	2	2	2	2	2	2	2	2	2	2	2	2	2	2	2	2	2	2	2	6	0	0	0	6	0	0	0	6	6	
925.EXE	2	2	2	2	2	2	2	2	2	2	2	2	2	2	2	2	2	2	2	2	6	6	6	6	0	6	6	0	0	6	
927.EXE	2	2	0	2	2	2	2	2	2	2	0	2	2	2	2	2	2	0	2	2	0	0	0	0	6	0	0	0	6	6	
930.EXE	0	0	0	0	2	2	2	2	2	2	2	2	2	2	2	2	2	2	2	2	6	6	6	6	0	6	6	0	6	0	0	0	0	2	2	2	2	2	2	2	2	2	2	2	2	2	2	2	2	6	6	6	6	0	6	6	0	6	0	0	0	0	0	2	2	0	0	2	0	2	2	0	0	2	0	2	0	0	0	0	0	0	0	0	0	0	0	0	
931.EXE	0	0	0	0	2	2	2	2	2	2	2	2	2	2	2	2	2	2	2	2	6	6	6	6	0	6	6	0	0	0	0	0	2	2	2	2	2	2	2	2	2	2	2	2	2	2	2	2	6	6	6	6	0	6	6	0	0	0	0	0	2	2	2	2	2	2	2	2	2	2	2	2	2	2	2	2	6	6	6	6	0	6	6	0	0	2	0	0	0	0	0	0	0	0	0	0	0	0	0	0	0	0	0	0	0	0	0	0	0	0	0	6	6	0	
932.EXE	0	0	0	0	0	0	0	0	0	0	0	0	0	0	0	0	0	0	0	0	0	0	0	0	0	0	0	0	0	0	
939.EXE	0	0	0	0	2	2	2	2	2	2	2	2	2	2	2	2	2	2	2	2	6	6	6	6	0	6	6	0	0	0	
940.EXE	2	2	2	2	2	2	2	2	2	2	2	2	2	2	2	2	2	2	2	2	6	0	0	0	6	0	0	0	6	0	
941.EXE	2	2	0	0	2	2	2	2	2	2	2	2	2	2	2	2	2	2	2	2	6	6	6	6	6	6	6	6	0	0	
943.EXE	2	2	2	2	2	2	2	2	2	2	2	2	2	2	2	2	2	2	2	2	6	6	6	6	6	6	6	6	6	6	
944.EXE	0	2	0	0	2	2	2	2	2	2	2	2	2	2	2	2	2	2	2	2	6	6	6	6	0	6	6	0	0	0	
946.EXE	0	0	0	0	2	2	2	2	2	2	2	2	2	2	2	2	2	2	2	2	6	6	6	6	6	6	0	0	6	6	
948.EXE	0	0	0	0	2	2	2	2	2	2	2	2	2	2	2	2	2	2	2	2	6	6	6	6	0	6	6	0	0	0	
950.EXE	0	0	0	0	2	2	2	2	2	2	2	2	2	2	2	2	2	2	2	2	6	6	6	6	6	0	6	0	6	2	2	2	0	0	0	2	0	0	0	2	0	2	0	0	0	0	2	0	2	6	0	0	0	6	0	0	0	6	6	
951.EXE	2	2	2	2	0	2	2	2	0	2	2	2	2	2	2	0	2	2	2	2	6	0	0	0	6	0	0	6	6	6	
952.EXE	2	2	2	2	2	2	2	2	2	2	2	2	2	2	2	2	2	2	2	2	6	6	6	6	6	6	0	0	6	0	
953.EXE	2	2	0	2	0	2	2	2	0	2	0	2	2	2	2	0	2	0	2	2	6	0	0	0	6	0	0	0	6	6	
954.EXE	0	0	0	0	2	2	2	2	2	2	2	2	2	2	2	2	2	2	2	2	6	6	6	6	6	6	0	6	6	6	
955.EXE	2	2	0	2	2	2	2	2	2	2	2	2	2	2	2	2	2	2	2	2	6	0	0	0	6	0	0	0	6	6	
956.EXE	2	2	2	2	2	2	2	2	2	2	2	2	2	2	2	2	2	2	2	2	6	6	6	6	6	6	0	0	6	6	
957.EXE	0	0	0	0	0	0	0	0	0	0	0	0	0	0	0	0	0	0	0	0	0	0	0	0	0	0	6	0	0	0	
958.EXE	0	0	0	0	2	2	2	2	2	2	2	2	2	2	2	2	2	2	2	2	6	6	6	6	0	0	0	0	0	0	2	2	2	2	2	2	2	2	2	2	2	2	2	2	2	2	6	6	6	6	0	0	0	6	0	0	
959.EXE	2	2	2	2	2	2	2	2	2	2	2	2	2	2	2	2	2	2	2	2	0	0	0	0	6	0	0	0	6	6	
962.EXE	2	2	2	2	2	2	2	2	2	2	2	2	2	2	2	2	2	2	2	2	0	6	6	6	6	6	0	0	0	0	
963.EXE	0	0	2	2	0	2	2	2	0	2	2	2	2	2	2	0	2	2	2	2	6	0	0	0	6	0	0	0	0	0	
965.EXE	2	2	2	2	2	2	2	2	2	2	2	2	2	2	2	2	2	2	2	2	0	0	0	0	6	0	0	0	6	6	
966.EXE	0	0	2	2	2	2	2	2	2	2	2	2	2	2	2	2	2	2	2	2	6	6	6	6	6	0	6	0	0	0	
968.EXE	0	0	0	0	2	2	2	2	2	2	2	2	2	2	2	2	2	2	2	2	6	6	6	6	0	6	6	0	0	0	
969.EXE	2	2	0	2	2	2	2	2	2	2	2	2	2	2	2	2	2	2	2	2	6	0	0	0	6	0	0	0	0	6	
971.EXE	0	0	0	0	2	2	2	2	2	2	2	2	2	2	2	2	2	2	2	2	0	6	6	6	6	0	0	6	0	0	
930.EXE	0	0	0	0	0	2	2	0	0	2	0	2	2	0	0	2	0	2	0	0	0	0	0	0	0	0	0	0	0	0	
931.EXE	0	2	0	0	0	0	0	0	0	0	0	0	0	0	0	0	0	0	0	0	0	0	0	0	0	0	0	6	6	0	
950.EXE	2	2	2	0	0	0	2	0	0	0	2	0	2	0	0	0	0	2	0	2	6	0	0	0	6	0	0	0	6	6	
958.EXE	0	0	0	0	2	2	2	2	2	2	2	2	2	2	2	2	2	2	2	2	6	6	6	6	0	0	0	6	0	0	
970.EXE	0	0	0	0	2	2	2	2	2	2	2	2	2	2	2	2	2	2	2	2	0	0	0	0	6	0	0	0	0	6	
972.EXE	2	2	0	0	2	2	2	2	2	2	2	2	2	2	2	2	2	2	2	2	0	0	0	0	6	0	0	0	6	6	
974.EXE	0	0	0	0	0	0	0	0	0	0	0	0	0	0	0	0	0	0	0	0	0	0	0	0	0	0	0	6	6	0	
975.EXE	2	2	2	2	2	2	2	2	2	2	2	2	2	2	2	2	2	2	2	2	6	0	0	0	6	0	0	0	6	6	
976.EXE	2	2	0	2	0	2	2	2	0	2	0	2	2	2	2	0	2	0	2	2	6	6	6	6	0	6	0	0	6	6	
980.EXE	0	0	0	0	0	0	0	0	0	0	0	0	0	0	0	0	0	0	0	0	0	0	0	0	0	0	0	0	0	0	
950.EXE	2	2	2	0	0	0	2	0	0	0	2	0	2	0	0	0	0	2	0	2	6	0	0	0	6	0	0	0	6	6	
979.EXE	2	2	2	2	2	2	2	2	2	2	2	2	2	2	2	2	2	2	2	2	6	6	6	6	6	6	6	0	6	0	